idProject,nameProject,testCase,tloc,tmcCabe,assertionDensity,assertionRoulette,mysteryGuest,eagerTest,sensitiveEquality,resourceOptimism,conditionalTestLogic,fireAndForget,testRunWar,loc,lcom2,lcom5,cbo,wmc,rfc,mpc,halsteadVocabulary,halsteadLength,halsteadVolume,classDataShouldBePrivate,complexClass,functionalDecomposition,godClass,spaghettiCode
26,dnsjava,org.xbill.DNS.A6RecordTest.setUp,11.0,2.0,0.0,0.0,2.0,0,0.0,0,0.0,0.0,0.0,127.0,0.0,2.0,2.0,26.0,28.0,18.0,591.0,159.0,1014.7087467675697,0,0,0,0.0,0.0
26,dnsjava,org.xbill.DNS.A6RecordTest.test_ctor_0arg,7.0,1.0,0.42857142857142855,4.0,0.0,0,0.0,0,0.0,0.0,0.0,127.0,0.0,2.0,2.0,26.0,28.0,18.0,591.0,159.0,1014.7087467675697,0,0,0,0.0,0.0
26,dnsjava,org.xbill.DNS.A6RecordTest.test_getObject,5.0,1.0,0.0,1.0,0.0,1,0.0,0,0.0,0.0,0.0,127.0,0.0,2.0,2.0,26.0,28.0,18.0,591.0,159.0,1014.7087467675697,0,0,0,0.0,0.0
26,dnsjava,org.xbill.DNS.A6RecordTest.test_ctor_6arg,45.0,3.0,0.28888888888888886,15.0,0.0,3,0.0,0,0.0,0.0,0.0,127.0,0.0,2.0,2.0,26.0,28.0,18.0,591.0,159.0,1014.7087467675697,0,0,0,0.0,0.0
26,dnsjava,org.xbill.DNS.A6RecordTest.test_rrFromWire,24.0,2.0,0.20833333333333334,6.0,0.0,4,0.0,0,0.0,0.0,0.0,127.0,0.0,2.0,2.0,26.0,28.0,18.0,591.0,159.0,1014.7087467675697,0,0,0,0.0,0.0
26,dnsjava,org.xbill.DNS.A6RecordTest.test_rdataFromString,30.0,3.0,0.16666666666666666,6.0,0.0,4,0.0,0,0.0,0.0,0.0,127.0,0.0,2.0,2.0,26.0,28.0,18.0,591.0,159.0,1014.7087467675697,0,0,0,0.0,0.0
26,dnsjava,org.xbill.DNS.A6RecordTest.test_rrToString,6.0,1.0,0.0,1.0,0.0,1,0.0,0,0.0,0.0,0.0,127.0,0.0,2.0,2.0,26.0,28.0,18.0,591.0,159.0,1014.7087467675697,0,0,0,0.0,0.0
26,dnsjava,org.xbill.DNS.A6RecordTest.test_rrToWire,19.0,1.0,0.05263157894736842,2.0,0.0,1,0.0,0,0.0,0.0,0.0,127.0,0.0,2.0,2.0,26.0,28.0,18.0,591.0,159.0,1014.7087467675697,0,0,0,0.0,0.0
26,dnsjava,org.xbill.DNS.AAAARecordTest.setUp,8.0,2.0,0.0,0.0,1.0,0,0.0,0,0.0,0.0,0.0,90.0,0.0,5.0,2.0,20.0,21.0,13.0,365.0,126.0,743.3870665513939,0,0,0,0.0,0.0
26,dnsjava,org.xbill.DNS.AAAARecordTest.test_ctor_0arg,8.0,2.0,0.5,5.0,0.0,1,0.0,0,0.0,0.0,0.0,90.0,0.0,5.0,2.0,20.0,21.0,13.0,365.0,126.0,743.3870665513939,0,0,0,0.0,0.0
26,dnsjava,org.xbill.DNS.AAAARecordTest.test_getObject,5.0,1.0,0.0,1.0,0.0,1,0.0,0,0.0,0.0,0.0,90.0,0.0,5.0,2.0,20.0,21.0,13.0,365.0,126.0,743.3870665513939,0,0,0,0.0,0.0
26,dnsjava,org.xbill.DNS.AAAARecordTest.test_ctor_4arg,23.0,3.0,0.17391304347826086,6.0,0.0,1,0.0,0,0.0,0.0,0.0,90.0,0.0,5.0,2.0,20.0,21.0,13.0,365.0,126.0,743.3870665513939,0,0,0,0.0,0.0
26,dnsjava,org.xbill.DNS.AAAARecordTest.test_rrFromWire,6.0,2.0,0.0,1.0,0.0,2,0.0,0,0.0,0.0,0.0,90.0,0.0,5.0,2.0,20.0,21.0,13.0,365.0,126.0,743.3870665513939,0,0,0,0.0,0.0
26,dnsjava,org.xbill.DNS.AAAARecordTest.test_rdataFromString,14.0,3.0,0.0,1.0,0.0,2,0.0,0,0.0,0.0,0.0,90.0,0.0,5.0,2.0,20.0,21.0,13.0,365.0,126.0,743.3870665513939,0,0,0,0.0,0.0
26,dnsjava,org.xbill.DNS.AAAARecordTest.test_rrToString,4.0,1.0,0.0,1.0,0.0,1,1.0,0,0.0,0.0,0.0,90.0,0.0,5.0,2.0,20.0,21.0,13.0,365.0,126.0,743.3870665513939,0,0,0,0.0,0.0
26,dnsjava,org.xbill.DNS.AAAARecordTest.test_rrToWire,9.0,1.0,0.1111111111111111,2.0,0.0,1,0.0,0,0.0,0.0,0.0,90.0,0.0,5.0,2.0,20.0,21.0,13.0,365.0,126.0,743.3870665513939,0,0,0,0.0,0.0
26,dnsjava,org.xbill.DNS.AddressTest.assertEquals,3.0,1.0,0.3333333333333333,1.0,0.0,0,0.0,0,0.0,0.0,0.0,422.0,115.0,13.0,2.0,84.0,57.0,38.0,2469.0,414.0,3233.9893545889045,0,0,0,0.0,0.0
26,dnsjava,org.xbill.DNS.AddressTest.assertEquals,6.0,2.0,0.3333333333333333,0.0,0.0,0,0.0,0,1.0,0.0,0.0,422.0,115.0,13.0,2.0,84.0,57.0,38.0,2469.0,414.0,3233.9893545889045,0,0,0,0.0,0.0
26,dnsjava,org.xbill.DNS.AddressTest.test_toByteArray_invalid,8.0,3.0,0.0,0.0,0.0,1,0.0,0,0.0,0.0,0.0,422.0,115.0,13.0,2.0,84.0,57.0,38.0,2469.0,414.0,3233.9893545889045,0,0,0,0.0,0.0
26,dnsjava,org.xbill.DNS.AddressTest.test_toByteArray_IPv4,10.0,1.0,0.1,2.0,0.0,1,0.0,0,0.0,0.0,0.0,422.0,115.0,13.0,2.0,84.0,57.0,38.0,2469.0,414.0,3233.9893545889045,0,0,0,0.0,0.0
26,dnsjava,org.xbill.DNS.AddressTest.test_toByteArray_IPv4_invalid,29.0,1.0,0.896551724137931,0.0,0.0,1,0.0,0,0.0,0.0,0.0,422.0,115.0,13.0,2.0,84.0,57.0,38.0,2469.0,414.0,3233.9893545889045,0,0,0,0.0,0.0
26,dnsjava,org.xbill.DNS.AddressTest.test_toByteArray_IPv6,45.0,1.0,0.35555555555555557,17.0,11.0,1,0.0,0,0.0,0.0,0.0,422.0,115.0,13.0,2.0,84.0,57.0,38.0,2469.0,414.0,3233.9893545889045,0,0,0,0.0,0.0
26,dnsjava,org.xbill.DNS.AddressTest.test_toByteArray_IPv6_invalid,11.0,1.0,0.7272727272727273,0.0,2.0,1,0.0,0,0.0,0.0,0.0,422.0,115.0,13.0,2.0,84.0,57.0,38.0,2469.0,414.0,3233.9893545889045,0,0,0,0.0,0.0
26,dnsjava,org.xbill.DNS.AddressTest.test_toArray,11.0,1.0,0.18181818181818182,3.0,0.0,2,0.0,0,0.0,0.0,0.0,422.0,115.0,13.0,2.0,84.0,57.0,38.0,2469.0,414.0,3233.9893545889045,0,0,0,0.0,0.0
26,dnsjava,org.xbill.DNS.AddressTest.test_toArray_invalid,4.0,1.0,0.25,0.0,0.0,2,0.0,0,0.0,0.0,0.0,422.0,115.0,13.0,2.0,84.0,57.0,38.0,2469.0,414.0,3233.9893545889045,0,0,0,0.0,0.0
26,dnsjava,org.xbill.DNS.AddressTest.test_isDottedQuad,4.0,1.0,0.25,0.0,0.0,1,0.0,0,0.0,0.0,0.0,422.0,115.0,13.0,2.0,84.0,57.0,38.0,2469.0,414.0,3233.9893545889045,0,0,0,0.0,0.0
26,dnsjava,org.xbill.DNS.AddressTest.test_toDottedQuad,4.0,1.0,0.25,0.0,0.0,2,0.0,0,0.0,0.0,0.0,422.0,115.0,13.0,2.0,84.0,57.0,38.0,2469.0,414.0,3233.9893545889045,0,0,0,0.0,0.0
26,dnsjava,org.xbill.DNS.AddressTest.test_addressLength,10.0,3.0,0.1,2.0,0.0,1,0.0,0,0.0,0.0,0.0,422.0,115.0,13.0,2.0,84.0,57.0,38.0,2469.0,414.0,3233.9893545889045,0,0,0,0.0,0.0
26,dnsjava,org.xbill.DNS.AddressTest.test_getByName,6.0,2.0,0.16666666666666666,0.0,0.0,1,0.0,0,0.0,0.0,0.0,422.0,115.0,13.0,2.0,84.0,57.0,38.0,2469.0,414.0,3233.9893545889045,0,0,0,0.0,0.0
26,dnsjava,org.xbill.DNS.AddressTest.test_getByName_invalid,14.0,3.0,0.0,0.0,0.0,1,0.0,0,0.0,0.0,0.0,422.0,115.0,13.0,2.0,84.0,57.0,38.0,2469.0,414.0,3233.9893545889045,0,0,0,0.0,0.0
26,dnsjava,org.xbill.DNS.AddressTest.test_getAllByName,14.0,3.0,0.42857142857142855,3.0,0.0,2,0.0,0,1.0,0.0,0.0,422.0,115.0,13.0,2.0,84.0,57.0,38.0,2469.0,414.0,3233.9893545889045,0,0,0,0.0,0.0
26,dnsjava,org.xbill.DNS.AddressTest.test_getAllByName_invalid,14.0,3.0,0.0,0.0,0.0,1,0.0,0,0.0,0.0,0.0,422.0,115.0,13.0,2.0,84.0,57.0,38.0,2469.0,414.0,3233.9893545889045,0,0,0,0.0,0.0
26,dnsjava,org.xbill.DNS.AddressTest.test_familyOf,10.0,3.0,0.1,0.0,0.0,2,0.0,0,0.0,0.0,0.0,422.0,115.0,13.0,2.0,84.0,57.0,38.0,2469.0,414.0,3233.9893545889045,0,0,0,0.0,0.0
26,dnsjava,org.xbill.DNS.AddressTest.test_getHostName,10.0,3.0,0.0,0.0,0.0,2,0.0,0,0.0,0.0,0.0,422.0,115.0,13.0,2.0,84.0,57.0,38.0,2469.0,414.0,3233.9893545889045,0,0,0,0.0,0.0
26,dnsjava,org.xbill.DNS.AFSDBRecordTest.test_getObject,5.0,1.0,0.0,1.0,0.0,1,0.0,0,0.0,0.0,0.0,46.0,10.0,0.0,0.0,9.0,7.0,2.0,162.0,78.0,396.83251414812594,0,0,0,0.0,0.0
26,dnsjava,org.xbill.DNS.AFSDBRecordTest.test_ctor_5arg,11.0,2.0,0.45454545454545453,6.0,0.0,2,0.0,0,0.0,0.0,0.0,46.0,10.0,0.0,0.0,9.0,7.0,2.0,162.0,78.0,396.83251414812594,0,0,0,0.0,0.0
26,dnsjava,org.xbill.DNS.APLRecordTest.suite,10.0,2.0,0.0,0.0,0.0,0,0.0,0,0.0,0.0,0.0,287.0,25.0,8.0,4.0,42.0,51.0,40.0,1541.0,303.0,2224.076611101995,0,0,0,0.0,0.0
26,dnsjava,org.xbill.DNS.ARecordTest.setUp,8.0,2.0,0.0,0.0,0.0,0,0.0,0,0.0,0.0,0.0,92.0,3.0,7.0,2.0,22.0,23.0,13.0,344.0,135.0,788.4866237454088,0,0,0,0.0,0.0
26,dnsjava,org.xbill.DNS.ARecordTest.test_ctor_0arg,8.0,2.0,0.5,4.0,0.0,1,0.0,0,0.0,0.0,0.0,92.0,3.0,7.0,2.0,22.0,23.0,13.0,344.0,135.0,788.4866237454088,0,0,0,0.0,0.0
26,dnsjava,org.xbill.DNS.ARecordTest.test_getObject,5.0,1.0,0.0,1.0,0.0,1,0.0,0,0.0,0.0,0.0,92.0,3.0,7.0,2.0,22.0,23.0,13.0,344.0,135.0,788.4866237454088,0,0,0,0.0,0.0
26,dnsjava,org.xbill.DNS.ARecordTest.test_ctor_4arg,23.0,3.0,0.17391304347826086,6.0,1.0,1,0.0,0,0.0,0.0,0.0,92.0,3.0,7.0,2.0,22.0,23.0,13.0,344.0,135.0,788.4866237454088,0,0,0,0.0,0.0
26,dnsjava,org.xbill.DNS.ARecordTest.test_rrFromWire,6.0,2.0,0.0,1.0,0.0,2,0.0,0,0.0,0.0,0.0,92.0,3.0,7.0,2.0,22.0,23.0,13.0,344.0,135.0,788.4866237454088,0,0,0,0.0,0.0
26,dnsjava,org.xbill.DNS.ARecordTest.test_rdataFromString,14.0,3.0,0.0,1.0,0.0,2,0.0,0,0.0,0.0,0.0,92.0,3.0,7.0,2.0,22.0,23.0,13.0,344.0,135.0,788.4866237454088,0,0,0,0.0,0.0
26,dnsjava,org.xbill.DNS.ARecordTest.test_rrToString,4.0,1.0,0.0,1.0,0.0,1,1.0,0,0.0,0.0,0.0,92.0,3.0,7.0,2.0,22.0,23.0,13.0,344.0,135.0,788.4866237454088,0,0,0,0.0,0.0
26,dnsjava,org.xbill.DNS.ARecordTest.test_rrToWire,9.0,1.0,0.1111111111111111,2.0,0.0,1,0.0,0,0.0,0.0,0.0,92.0,3.0,7.0,2.0,22.0,23.0,13.0,344.0,135.0,788.4866237454088,0,0,0,0.0,0.0
26,dnsjava,org.xbill.DNS.CNAMERecordTest.test_ctor_0arg,6.0,1.0,0.3333333333333333,3.0,0.0,2,0.0,0,0.0,0.0,0.0,45.0,10.0,0.0,0.0,9.0,7.0,2.0,138.0,65.0,320.27148953521834,0,0,0,0.0,0.0
26,dnsjava,org.xbill.DNS.CNAMERecordTest.test_ctor_4arg,11.0,2.0,0.45454545454545453,6.0,0.0,2,0.0,0,0.0,0.0,0.0,45.0,10.0,0.0,0.0,9.0,7.0,2.0,138.0,65.0,320.27148953521834,0,0,0,0.0,0.0
26,dnsjava,org.xbill.DNS.CNAMERecordTest.test_getObject,5.0,1.0,0.0,1.0,0.0,1,0.0,0,0.0,0.0,0.0,45.0,10.0,0.0,0.0,9.0,7.0,2.0,138.0,65.0,320.27148953521834,0,0,0,0.0,0.0
26,dnsjava,org.xbill.DNS.CompressionTest.setUp,3.0,1.0,0.0,0.0,0.0,0,0.0,0,0.0,0.0,0.0,72.0,0.0,0.0,0.0,8.0,8.0,5.0,315.0,117.0,673.0509987425991,0,0,0,0.0,0.0
26,dnsjava,org.xbill.DNS.CompressionTest.test,9.0,2.0,0.1111111111111111,2.0,0.0,2,0.0,0,0.0,0.0,0.0,72.0,0.0,0.0,0.0,8.0,8.0,5.0,315.0,117.0,673.0509987425991,0,0,0,0.0,0.0
26,dnsjava,org.xbill.DNS.DClassTest.test_string,17.0,3.0,0.11764705882352941,0.0,0.0,1,0.0,0,0.0,0.0,0.0,92.0,4.0,0.0,0.0,9.0,6.0,2.0,369.0,126.0,744.7603771491064,0,0,0,0.0,0.0
26,dnsjava,org.xbill.DNS.DClassTest.test_value,8.0,1.0,0.625,0.0,0.0,1,0.0,0,0.0,0.0,0.0,92.0,4.0,0.0,0.0,9.0,6.0,2.0,369.0,126.0,744.7603771491064,0,0,0,0.0,0.0
26,dnsjava,org.xbill.DNS.DNAMERecordTest.test_ctor_0arg,6.0,1.0,0.3333333333333333,3.0,0.0,2,0.0,0,0.0,0.0,0.0,45.0,10.0,0.0,0.0,9.0,7.0,2.0,140.0,65.0,321.2067574696047,0,0,0,0.0,0.0
26,dnsjava,org.xbill.DNS.DNAMERecordTest.test_ctor_4arg,11.0,2.0,0.45454545454545453,6.0,0.0,2,0.0,0,0.0,0.0,0.0,45.0,10.0,0.0,0.0,9.0,7.0,2.0,140.0,65.0,321.2067574696047,0,0,0,0.0,0.0
26,dnsjava,org.xbill.DNS.DNAMERecordTest.test_getObject,5.0,1.0,0.0,1.0,0.0,1,0.0,0,0.0,0.0,0.0,45.0,10.0,0.0,0.0,9.0,7.0,2.0,140.0,65.0,321.2067574696047,0,0,0,0.0,0.0
26,dnsjava,org.xbill.DNS.DNSInputTest.assertEquals,3.0,1.0,0.3333333333333333,1.0,0.0,0,0.0,0,0.0,0.0,0.0,238.0,0.0,5.0,1.0,50.0,53.0,34.0,1064.0,262.0,1826.0851555142165,0,0,0,0.0,0.0
26,dnsjava,org.xbill.DNS.DNSInputTest.setUp,4.0,1.0,0.0,0.0,0.0,0,0.0,0,0.0,0.0,0.0,238.0,0.0,5.0,1.0,50.0,53.0,34.0,1064.0,262.0,1826.0851555142165,0,0,0,0.0,0.0
26,dnsjava,org.xbill.DNS.DNSInputTest.test_initial_state,4.0,1.0,0.25,2.0,0.0,2,0.0,0,0.0,0.0,0.0,238.0,0.0,5.0,1.0,50.0,53.0,34.0,1064.0,262.0,1826.0851555142165,0,0,0,0.0,0.0
26,dnsjava,org.xbill.DNS.DNSInputTest.test_jump1,5.0,1.0,0.2,2.0,0.0,3,0.0,0,0.0,0.0,0.0,238.0,0.0,5.0,1.0,50.0,53.0,34.0,1064.0,262.0,1826.0851555142165,0,0,0,0.0,0.0
26,dnsjava,org.xbill.DNS.DNSInputTest.test_jump2,5.0,1.0,0.2,2.0,0.0,3,0.0,0,0.0,0.0,0.0,238.0,0.0,5.0,1.0,50.0,53.0,34.0,1064.0,262.0,1826.0851555142165,0,0,0,0.0,0.0
26,dnsjava,org.xbill.DNS.DNSInputTest.test_jump_invalid,8.0,3.0,0.0,0.0,0.0,1,0.0,0,0.0,0.0,0.0,238.0,0.0,5.0,1.0,50.0,53.0,34.0,1064.0,262.0,1826.0851555142165,0,0,0,0.0,0.0
26,dnsjava,org.xbill.DNS.DNSInputTest.test_setActive,5.0,1.0,0.2,2.0,0.0,3,0.0,0,0.0,0.0,0.0,238.0,0.0,5.0,1.0,50.0,53.0,34.0,1064.0,262.0,1826.0851555142165,0,0,0,0.0,0.0
26,dnsjava,org.xbill.DNS.DNSInputTest.test_setActive_boundary1,5.0,1.0,0.2,2.0,0.0,3,0.0,0,0.0,0.0,0.0,238.0,0.0,5.0,1.0,50.0,53.0,34.0,1064.0,262.0,1826.0851555142165,0,0,0,0.0,0.0
26,dnsjava,org.xbill.DNS.DNSInputTest.test_setActive_boundary2,5.0,1.0,0.2,2.0,0.0,3,0.0,0,0.0,0.0,0.0,238.0,0.0,5.0,1.0,50.0,53.0,34.0,1064.0,262.0,1826.0851555142165,0,0,0,0.0,0.0
26,dnsjava,org.xbill.DNS.DNSInputTest.test_setActive_invalid,8.0,3.0,0.0,0.0,0.0,1,0.0,0,0.0,0.0,0.0,238.0,0.0,5.0,1.0,50.0,53.0,34.0,1064.0,262.0,1826.0851555142165,0,0,0,0.0,0.0
26,dnsjava,org.xbill.DNS.DNSInputTest.test_clearActive,9.0,1.0,0.3333333333333333,4.0,0.0,4,0.0,0,0.0,0.0,0.0,238.0,0.0,5.0,1.0,50.0,53.0,34.0,1064.0,262.0,1826.0851555142165,0,0,0,0.0,0.0
26,dnsjava,org.xbill.DNS.DNSInputTest.test_restore_invalid,8.0,3.0,0.0,0.0,0.0,1,0.0,0,0.0,0.0,0.0,238.0,0.0,5.0,1.0,50.0,53.0,34.0,1064.0,262.0,1826.0851555142165,0,0,0,0.0,0.0
26,dnsjava,org.xbill.DNS.DNSInputTest.test_save_restore,12.0,1.0,0.4166666666666667,6.0,0.0,5,0.0,0,0.0,0.0,0.0,238.0,0.0,5.0,1.0,50.0,53.0,34.0,1064.0,262.0,1826.0851555142165,0,0,0,0.0,0.0
26,dnsjava,org.xbill.DNS.DNSInputTest.test_readU8_basic,6.0,2.0,0.3333333333333333,3.0,0.0,3,0.0,0,0.0,0.0,0.0,238.0,0.0,5.0,1.0,50.0,53.0,34.0,1064.0,262.0,1826.0851555142165,0,0,0,0.0,0.0
26,dnsjava,org.xbill.DNS.DNSInputTest.test_readU8_maxval,13.0,3.0,0.15384615384615385,3.0,0.0,4,0.0,0,0.0,0.0,0.0,238.0,0.0,5.0,1.0,50.0,53.0,34.0,1064.0,262.0,1826.0851555142165,0,0,0,0.0,0.0
26,dnsjava,org.xbill.DNS.DNSInputTest.test_readU16_basic,9.0,2.0,0.3333333333333333,4.0,0.0,4,0.0,0,0.0,0.0,0.0,238.0,0.0,5.0,1.0,50.0,53.0,34.0,1064.0,262.0,1826.0851555142165,0,0,0,0.0,0.0
26,dnsjava,org.xbill.DNS.DNSInputTest.test_readU16_maxval,14.0,3.0,0.14285714285714285,3.0,0.0,4,0.0,0,0.0,0.0,0.0,238.0,0.0,5.0,1.0,50.0,53.0,34.0,1064.0,262.0,1826.0851555142165,0,0,0,0.0,0.0
26,dnsjava,org.xbill.DNS.DNSInputTest.test_readU32_basic,6.0,2.0,0.3333333333333333,3.0,0.0,3,0.0,0,0.0,0.0,0.0,238.0,0.0,5.0,1.0,50.0,53.0,34.0,1064.0,262.0,1826.0851555142165,0,0,0,0.0,0.0
26,dnsjava,org.xbill.DNS.DNSInputTest.test_readU32_maxval,14.0,3.0,0.14285714285714285,3.0,0.0,4,0.0,0,0.0,0.0,0.0,238.0,0.0,5.0,1.0,50.0,53.0,34.0,1064.0,262.0,1826.0851555142165,0,0,0,0.0,0.0
26,dnsjava,org.xbill.DNS.DNSInputTest.test_readByteArray_0arg,10.0,3.0,0.3,4.0,0.0,6,0.0,0,1.0,0.0,0.0,238.0,0.0,5.0,1.0,50.0,53.0,34.0,1064.0,262.0,1826.0851555142165,0,0,0,0.0,0.0
26,dnsjava,org.xbill.DNS.DNSInputTest.test_readByteArray_0arg_boundary,6.0,2.0,0.0,1.0,0.0,5,0.0,0,0.0,0.0,0.0,238.0,0.0,5.0,1.0,50.0,53.0,34.0,1064.0,262.0,1826.0851555142165,0,0,0,0.0,0.0
26,dnsjava,org.xbill.DNS.DNSInputTest.test_readByteArray_1arg,8.0,2.0,0.5,5.0,0.0,5,0.0,0,0.0,0.0,0.0,238.0,0.0,5.0,1.0,50.0,53.0,34.0,1064.0,262.0,1826.0851555142165,0,0,0,0.0,0.0
26,dnsjava,org.xbill.DNS.DNSInputTest.test_readByteArray_1arg_boundary,6.0,2.0,0.3333333333333333,3.0,0.0,5,0.0,0,0.0,0.0,0.0,238.0,0.0,5.0,1.0,50.0,53.0,34.0,1064.0,262.0,1826.0851555142165,0,0,0,0.0,0.0
26,dnsjava,org.xbill.DNS.DNSInputTest.test_readByteArray_1arg_invalid,8.0,3.0,0.0,0.0,0.0,3,0.0,0,0.0,0.0,0.0,238.0,0.0,5.0,1.0,50.0,53.0,34.0,1064.0,262.0,1826.0851555142165,0,0,0,0.0,0.0
26,dnsjava,org.xbill.DNS.DNSInputTest.test_readByteArray_3arg,10.0,3.0,0.2,3.0,0.0,5,0.0,0,1.0,0.0,0.0,238.0,0.0,5.0,1.0,50.0,53.0,34.0,1064.0,262.0,1826.0851555142165,0,0,0,0.0,0.0
26,dnsjava,org.xbill.DNS.DNSInputTest.test_readCountedSting,7.0,2.0,0.2857142857142857,3.0,0.0,3,0.0,0,0.0,0.0,0.0,238.0,0.0,5.0,1.0,50.0,53.0,34.0,1064.0,262.0,1826.0851555142165,0,0,0,0.0,0.0
26,dnsjava,org.xbill.DNS.DNSKEYRecordTest.test_ctor_0arg,12.0,2.0,0.6666666666666666,9.0,0.0,0,0.0,0,0.0,0.0,0.0,91.0,10.0,0.0,2.0,11.0,12.0,7.0,399.0,141.0,844.4435597814708,0,0,0,0.0,0.0
26,dnsjava,org.xbill.DNS.DNSKEYRecordTest.test_getObject,5.0,1.0,0.0,1.0,0.0,1,0.0,0,0.0,0.0,0.0,91.0,10.0,0.0,2.0,11.0,12.0,7.0,399.0,141.0,844.4435597814708,0,0,0,0.0,0.0
26,dnsjava,org.xbill.DNS.DNSKEYRecordTest.test_ctor_7arg,20.0,3.0,0.35,8.0,0.0,0,0.0,0,0.0,0.0,0.0,91.0,10.0,0.0,2.0,11.0,12.0,7.0,399.0,141.0,844.4435597814708,0,0,0,0.0,0.0
26,dnsjava,org.xbill.DNS.DNSKEYRecordTest.test_rdataFromString,17.0,3.0,0.17647058823529413,4.0,0.0,1,0.0,0,0.0,0.0,0.0,91.0,10.0,0.0,2.0,11.0,12.0,7.0,399.0,141.0,844.4435597814708,0,0,0,0.0,0.0
26,dnsjava,org.xbill.DNS.DNSOutputTest.setUp,3.0,1.0,0.0,0.0,0.0,0,0.0,0,0.0,0.0,0.0,203.0,0.0,4.0,0.0,34.0,30.0,14.0,873.0,224.0,1516.9135645080707,0,0,0,0.0,0.0
26,dnsjava,org.xbill.DNS.DNSOutputTest.assertEquals,3.0,1.0,0.3333333333333333,1.0,0.0,0,0.0,0,0.0,0.0,0.0,203.0,0.0,4.0,0.0,34.0,30.0,14.0,873.0,224.0,1516.9135645080707,0,0,0,0.0,0.0
26,dnsjava,org.xbill.DNS.DNSOutputTest.test_default_ctor,4.0,1.0,0.0,1.0,0.0,1,0.0,0,0.0,0.0,0.0,203.0,0.0,4.0,0.0,34.0,30.0,14.0,873.0,224.0,1516.9135645080707,0,0,0,0.0,0.0
26,dnsjava,org.xbill.DNS.DNSOutputTest.test_initial_state,15.0,3.0,0.0,1.0,0.0,3,0.0,0,0.0,0.0,0.0,203.0,0.0,4.0,0.0,34.0,30.0,14.0,873.0,224.0,1516.9135645080707,0,0,0,0.0,0.0
26,dnsjava,org.xbill.DNS.DNSOutputTest.test_writeU8_basic,7.0,1.0,0.2857142857142857,3.0,0.0,3,0.0,0,0.0,0.0,0.0,203.0,0.0,4.0,0.0,34.0,30.0,14.0,873.0,224.0,1516.9135645080707,0,0,0,0.0,0.0
26,dnsjava,org.xbill.DNS.DNSOutputTest.test_writeU8_expand,9.0,1.0,0.3333333333333333,4.0,0.0,3,0.0,0,0.0,0.0,0.0,203.0,0.0,4.0,0.0,34.0,30.0,14.0,873.0,224.0,1516.9135645080707,0,0,0,0.0,0.0
26,dnsjava,org.xbill.DNS.DNSOutputTest.test_writeU8_max,5.0,1.0,0.0,1.0,0.0,2,0.0,0,0.0,0.0,0.0,203.0,0.0,4.0,0.0,34.0,30.0,14.0,873.0,224.0,1516.9135645080707,0,0,0,0.0,0.0
26,dnsjava,org.xbill.DNS.DNSOutputTest.test_writeU8_toobig,8.0,3.0,0.0,0.0,0.0,1,0.0,0,0.0,0.0,0.0,203.0,0.0,4.0,0.0,34.0,30.0,14.0,873.0,224.0,1516.9135645080707,0,0,0,0.0,0.0
26,dnsjava,org.xbill.DNS.DNSOutputTest.test_writeU16_basic,8.0,1.0,0.375,4.0,0.0,3,0.0,0,0.0,0.0,0.0,203.0,0.0,4.0,0.0,34.0,30.0,14.0,873.0,224.0,1516.9135645080707,0,0,0,0.0,0.0
26,dnsjava,org.xbill.DNS.DNSOutputTest.test_writeU16_max,6.0,1.0,0.16666666666666666,2.0,0.0,2,0.0,0,0.0,0.0,0.0,203.0,0.0,4.0,0.0,34.0,30.0,14.0,873.0,224.0,1516.9135645080707,0,0,0,0.0,0.0
26,dnsjava,org.xbill.DNS.DNSOutputTest.test_writeU16_toobig,8.0,3.0,0.0,0.0,0.0,1,0.0,0,0.0,0.0,0.0,203.0,0.0,4.0,0.0,34.0,30.0,14.0,873.0,224.0,1516.9135645080707,0,0,0,0.0,0.0
26,dnsjava,org.xbill.DNS.DNSOutputTest.test_writeU32_basic,10.0,1.0,0.5,6.0,0.0,3,0.0,0,0.0,0.0,0.0,203.0,0.0,4.0,0.0,34.0,30.0,14.0,873.0,224.0,1516.9135645080707,0,0,0,0.0,0.0
26,dnsjava,org.xbill.DNS.DNSOutputTest.test_writeU32_max,8.0,1.0,0.375,4.0,0.0,2,0.0,0,0.0,0.0,0.0,203.0,0.0,4.0,0.0,34.0,30.0,14.0,873.0,224.0,1516.9135645080707,0,0,0,0.0,0.0
26,dnsjava,org.xbill.DNS.DNSOutputTest.test_writeU32_toobig,8.0,3.0,0.0,0.0,0.0,1,0.0,0,0.0,0.0,0.0,203.0,0.0,4.0,0.0,34.0,30.0,14.0,873.0,224.0,1516.9135645080707,0,0,0,0.0,0.0
26,dnsjava,org.xbill.DNS.DNSOutputTest.test_jump_basic,12.0,1.0,0.4166666666666667,6.0,0.0,5,0.0,0,0.0,0.0,0.0,203.0,0.0,4.0,0.0,34.0,30.0,14.0,873.0,224.0,1516.9135645080707,0,0,0,0.0,0.0
26,dnsjava,org.xbill.DNS.DNSOutputTest.test_writeByteArray_1arg,7.0,1.0,0.14285714285714285,2.0,0.0,4,0.0,0,0.0,0.0,0.0,203.0,0.0,4.0,0.0,34.0,30.0,14.0,873.0,224.0,1516.9135645080707,0,0,0,0.0,0.0
26,dnsjava,org.xbill.DNS.DNSOutputTest.test_writeByteArray_3arg,8.0,1.0,0.125,2.0,0.0,4,0.0,0,0.0,0.0,0.0,203.0,0.0,4.0,0.0,34.0,30.0,14.0,873.0,224.0,1516.9135645080707,0,0,0,0.0,0.0
26,dnsjava,org.xbill.DNS.DNSOutputTest.test_writeCountedString_basic,8.0,1.0,0.125,2.0,0.0,3,0.0,0,0.0,0.0,0.0,203.0,0.0,4.0,0.0,34.0,30.0,14.0,873.0,224.0,1516.9135645080707,0,0,0,0.0,0.0
26,dnsjava,org.xbill.DNS.DNSOutputTest.test_writeCountedString_empty,8.0,1.0,0.125,2.0,0.0,3,0.0,0,0.0,0.0,0.0,203.0,0.0,4.0,0.0,34.0,30.0,14.0,873.0,224.0,1516.9135645080707,0,0,0,0.0,0.0
26,dnsjava,org.xbill.DNS.DNSOutputTest.test_writeCountedString_toobig,9.0,3.0,0.0,0.0,0.0,1,0.0,0,0.0,0.0,0.0,203.0,0.0,4.0,0.0,34.0,30.0,14.0,873.0,224.0,1516.9135645080707,0,0,0,0.0,0.0
26,dnsjava,org.xbill.DNS.DNSOutputTest.test_save_restore,15.0,3.0,0.13333333333333333,3.0,0.0,5,0.0,0,0.0,0.0,0.0,203.0,0.0,4.0,0.0,34.0,30.0,14.0,873.0,224.0,1516.9135645080707,0,0,0,0.0,0.0
26,dnsjava,org.xbill.DNS.DSRecordTest.test_ctor_0arg,11.0,1.0,0.6363636363636364,8.0,0.0,4,0.0,0,0.0,0.0,0.0,161.0,0.0,1.0,2.0,22.0,28.0,16.0,580.0,170.0,1081.714777601879,0,0,0,0.0,0.0
26,dnsjava,org.xbill.DNS.DSRecordTest.test_getObject,5.0,1.0,0.0,1.0,0.0,1,0.0,0,0.0,0.0,0.0,161.0,0.0,1.0,2.0,22.0,28.0,16.0,580.0,170.0,1081.714777601879,0,0,0,0.0,0.0
26,dnsjava,org.xbill.DNS.DSRecordTest.test_rrFromWire,10.0,2.0,0.3,4.0,0.0,5,0.0,0,0.0,0.0,0.0,161.0,0.0,1.0,2.0,22.0,28.0,16.0,580.0,170.0,1081.714777601879,0,0,0,0.0,0.0
26,dnsjava,org.xbill.DNS.DSRecordTest.test_rdataFromString,10.0,2.0,0.3,4.0,0.0,5,0.0,0,0.0,0.0,0.0,161.0,0.0,1.0,2.0,22.0,28.0,16.0,580.0,170.0,1081.714777601879,0,0,0,0.0,0.0
26,dnsjava,org.xbill.DNS.DSRecordTest.test_rrToString,5.0,2.0,0.0,1.0,0.0,1,1.0,0,0.0,0.0,0.0,161.0,0.0,1.0,2.0,22.0,28.0,16.0,580.0,170.0,1081.714777601879,0,0,0,0.0,0.0
26,dnsjava,org.xbill.DNS.DSRecordTest.test_rrToWire,7.0,2.0,0.0,1.0,0.0,1,0.0,0,0.0,0.0,0.0,161.0,0.0,1.0,2.0,22.0,28.0,16.0,580.0,170.0,1081.714777601879,0,0,0,0.0,0.0
26,dnsjava,org.xbill.DNS.DSRecordTest.suite,6.0,2.0,0.0,0.0,0.0,0,0.0,0,0.0,0.0,0.0,161.0,0.0,1.0,2.0,22.0,28.0,16.0,580.0,170.0,1081.714777601879,0,0,0,0.0,0.0
26,dnsjava,org.xbill.DNS.EmptyRecordTest.test_ctor,7.0,2.0,0.42857142857142855,4.0,0.0,0,0.0,0,0.0,0.0,0.0,42.0,15.0,0.0,1.0,10.0,6.0,0.0,105.0,67.0,311.81534346055406,0,0,0,0.0,0.0
26,dnsjava,org.xbill.DNS.EmptyRecordTest.test_getObject,5.0,1.0,0.0,1.0,0.0,1,0.0,0,0.0,0.0,0.0,42.0,15.0,0.0,1.0,10.0,6.0,0.0,105.0,67.0,311.81534346055406,0,0,0,0.0,0.0
26,dnsjava,org.xbill.DNS.EmptyRecordTest.test_rrFromWire,11.0,2.0,0.36363636363636365,5.0,0.0,1,0.0,0,0.0,0.0,0.0,42.0,15.0,0.0,1.0,10.0,6.0,0.0,105.0,67.0,311.81534346055406,0,0,0,0.0,0.0
26,dnsjava,org.xbill.DNS.EmptyRecordTest.test_rdataFromString,10.0,2.0,0.4,4.0,0.0,1,0.0,0,0.0,0.0,0.0,42.0,15.0,0.0,1.0,10.0,6.0,0.0,105.0,67.0,311.81534346055406,0,0,0,0.0,0.0
26,dnsjava,org.xbill.DNS.EmptyRecordTest.test_rrToString,4.0,1.0,0.0,0.0,0.0,1,1.0,0,0.0,0.0,0.0,42.0,15.0,0.0,1.0,10.0,6.0,0.0,105.0,67.0,311.81534346055406,0,0,0,0.0,0.0
26,dnsjava,org.xbill.DNS.EmptyRecordTest.test_rrToWire,6.0,1.0,0.0,1.0,0.0,1,0.0,0,0.0,0.0,0.0,42.0,15.0,0.0,1.0,10.0,6.0,0.0,105.0,67.0,311.81534346055406,0,0,0,0.0,0.0
26,dnsjava,org.xbill.DNS.ExtendedFlagsTest.test_string,16.0,3.0,0.0625,0.0,0.0,1,0.0,0,0.0,0.0,0.0,45.0,1.0,2.0,0.0,5.0,5.0,2.0,126.0,59.0,285.3406325101372,0,0,0,0.0,0.0
26,dnsjava,org.xbill.DNS.ExtendedFlagsTest.test_value,7.0,1.0,0.5714285714285714,0.0,0.0,1,0.0,0,0.0,0.0,0.0,45.0,1.0,2.0,0.0,5.0,5.0,2.0,126.0,59.0,285.3406325101372,0,0,0,0.0,0.0
26,dnsjava,org.xbill.DNS.FlagsTest.test_string,16.0,3.0,0.0625,0.0,0.0,1,0.0,0,0.0,0.0,0.0,81.0,0.0,0.0,0.0,9.0,7.0,3.0,320.0,118.0,680.6618775036651,0,0,0,0.0,0.0
26,dnsjava,org.xbill.DNS.FlagsTest.test_value,7.0,1.0,0.5714285714285714,0.0,0.0,1,0.0,0,0.0,0.0,0.0,81.0,0.0,0.0,0.0,9.0,7.0,3.0,320.0,118.0,680.6618775036651,0,0,0,0.0,0.0
26,dnsjava,org.xbill.DNS.FlagsTest.test_isFlag,30.0,3.0,0.5,16.0,0.0,1,0.0,0,0.0,0.0,0.0,81.0,0.0,0.0,0.0,9.0,7.0,3.0,320.0,118.0,680.6618775036651,0,0,0,0.0,0.0
26,dnsjava,org.xbill.DNS.FormattedTimeTest.test_format,6.0,2.0,0.0,0.0,0.0,1,0.0,0,2.0,0.0,0.0,79.0,3.0,0.0,2.0,10.0,16.0,13.0,292.0,102.0,579.0288878313647,0,0,0,0.0,0.0
26,dnsjava,org.xbill.DNS.FormattedTimeTest.test_parse,10.0,2.0,0.0,1.0,0.0,1,0.0,0,0.0,0.0,0.0,79.0,3.0,0.0,2.0,10.0,16.0,13.0,292.0,102.0,579.0288878313647,0,0,0,0.0,0.0
26,dnsjava,org.xbill.DNS.FormattedTimeTest.test_parse_invalid,20.0,3.0,0.0,0.0,0.0,1,0.0,0,0.0,0.0,0.0,79.0,3.0,0.0,2.0,10.0,16.0,13.0,292.0,102.0,579.0288878313647,0,0,0,0.0,0.0
26,dnsjava,org.xbill.DNS.GPOSRecordTest.test_ctor_0arg,7.0,1.0,0.42857142857142855,4.0,0.0,0,0.0,0,0.0,0.0,0.0,178.0,49.0,11.0,1.0,34.0,48.0,33.0,737.0,166.0,1096.0295901034299,0,0,0,0.0,0.0
26,dnsjava,org.xbill.DNS.GPOSRecordTest.test_getObject,5.0,1.0,0.0,1.0,0.0,1,0.0,0,0.0,0.0,0.0,178.0,49.0,11.0,1.0,34.0,48.0,33.0,737.0,166.0,1096.0295901034299,0,0,0,0.0,0.0
26,dnsjava,org.xbill.DNS.GPOSRecordTest.test_rrToString,5.0,2.0,0.0,1.0,0.0,1,1.0,0,0.0,0.0,0.0,178.0,49.0,11.0,1.0,34.0,48.0,33.0,737.0,166.0,1096.0295901034299,0,0,0,0.0,0.0
26,dnsjava,org.xbill.DNS.GPOSRecordTest.test_rrToWire,11.0,3.0,0.09090909090909091,1.0,0.0,1,0.0,0,1.0,0.0,0.0,178.0,49.0,11.0,1.0,34.0,48.0,33.0,737.0,166.0,1096.0295901034299,0,0,0,0.0,0.0
26,dnsjava,org.xbill.DNS.GPOSRecordTest.suite,9.0,2.0,0.0,0.0,0.0,0,0.0,0,0.0,0.0,0.0,178.0,49.0,11.0,1.0,34.0,48.0,33.0,737.0,166.0,1096.0295901034299,0,0,0,0.0,0.0
26,dnsjava,org.xbill.DNS.HeaderTest.setUp,3.0,1.0,0.0,0.0,0.0,0,0.0,0,0.0,0.0,0.0,300.0,188.0,6.0,2.0,73.0,63.0,34.0,1138.0,276.0,1942.2196216534123,0,0,0,0.0,0.0
26,dnsjava,org.xbill.DNS.HeaderTest.test_fixture_state,13.0,2.0,0.5384615384615384,8.0,0.0,5,0.0,0,1.0,0.0,0.0,300.0,188.0,6.0,2.0,73.0,63.0,34.0,1138.0,276.0,1942.2196216534123,0,0,0,0.0,0.0
26,dnsjava,org.xbill.DNS.HeaderTest.test_ctor_0arg,14.0,3.0,0.5,8.0,0.0,5,0.0,0,1.0,0.0,0.0,300.0,188.0,6.0,2.0,73.0,63.0,34.0,1138.0,276.0,1942.2196216534123,0,0,0,0.0,0.0
26,dnsjava,org.xbill.DNS.HeaderTest.test_ctor_DNSInput,20.0,2.0,0.7,15.0,0.0,5,0.0,0,0.0,0.0,0.0,300.0,188.0,6.0,2.0,73.0,63.0,34.0,1138.0,276.0,1942.2196216534123,0,0,0,0.0,0.0
26,dnsjava,org.xbill.DNS.HeaderTest.test_toWire,21.0,3.0,0.19047619047619047,4.0,0.0,5,0.0,0,2.0,0.0,0.0,300.0,188.0,6.0,2.0,73.0,63.0,34.0,1138.0,276.0,1942.2196216534123,0,0,0,0.0,0.0
26,dnsjava,org.xbill.DNS.HeaderTest.test_flags,25.0,4.0,0.48,13.0,0.0,5,0.0,0,2.0,0.0,0.0,300.0,188.0,6.0,2.0,73.0,63.0,34.0,1138.0,276.0,1942.2196216534123,0,0,0,0.0,0.0
26,dnsjava,org.xbill.DNS.HeaderTest.test_flags_invalid,56.0,3.0,0.0,0.0,0.0,4,0.0,0,0.0,0.0,0.0,300.0,188.0,6.0,2.0,73.0,63.0,34.0,1138.0,276.0,1942.2196216534123,0,0,0,0.0,0.0
26,dnsjava,org.xbill.DNS.HeaderTest.test_ID,9.0,2.0,0.3333333333333333,4.0,0.0,2,0.0,0,0.0,0.0,0.0,300.0,188.0,6.0,2.0,73.0,63.0,34.0,1138.0,276.0,1942.2196216534123,0,0,0,0.0,0.0
26,dnsjava,org.xbill.DNS.HeaderTest.test_setID_invalid,14.0,3.0,0.0,0.0,0.0,1,0.0,0,0.0,0.0,0.0,300.0,188.0,6.0,2.0,73.0,63.0,34.0,1138.0,276.0,1942.2196216534123,0,0,0,0.0,0.0
26,dnsjava,org.xbill.DNS.HeaderTest.test_Rcode,11.0,4.0,0.18181818181818182,3.0,0.0,3,0.0,0,2.0,0.0,0.0,300.0,188.0,6.0,2.0,73.0,63.0,34.0,1138.0,276.0,1942.2196216534123,0,0,0,0.0,0.0
26,dnsjava,org.xbill.DNS.HeaderTest.test_setRcode_invalid,14.0,3.0,0.0,0.0,0.0,1,0.0,0,0.0,0.0,0.0,300.0,188.0,6.0,2.0,73.0,63.0,34.0,1138.0,276.0,1942.2196216534123,0,0,0,0.0,0.0
26,dnsjava,org.xbill.DNS.HeaderTest.test_Opcode,10.0,2.0,0.4,5.0,0.0,4,0.0,0,1.0,0.0,0.0,300.0,188.0,6.0,2.0,73.0,63.0,34.0,1138.0,276.0,1942.2196216534123,0,0,0,0.0,0.0
26,dnsjava,org.xbill.DNS.HeaderTest.test_setOpcode_invalid,14.0,3.0,0.0,0.0,0.0,1,0.0,0,0.0,0.0,0.0,300.0,188.0,6.0,2.0,73.0,63.0,34.0,1138.0,276.0,1942.2196216534123,0,0,0,0.0,0.0
26,dnsjava,org.xbill.DNS.HeaderTest.test_Count,11.0,1.0,0.45454545454545453,6.0,0.0,4,0.0,0,0.0,0.0,0.0,300.0,188.0,6.0,2.0,73.0,63.0,34.0,1138.0,276.0,1942.2196216534123,0,0,0,0.0,0.0
26,dnsjava,org.xbill.DNS.HeaderTest.test_setCount_invalid,26.0,3.0,0.0,0.0,0.0,1,0.0,0,0.0,0.0,0.0,300.0,188.0,6.0,2.0,73.0,63.0,34.0,1138.0,276.0,1942.2196216534123,0,0,0,0.0,0.0
26,dnsjava,org.xbill.DNS.HeaderTest.test_getCount_invalid,14.0,3.0,0.0,0.0,0.0,1,0.0,0,0.0,0.0,0.0,300.0,188.0,6.0,2.0,73.0,63.0,34.0,1138.0,276.0,1942.2196216534123,0,0,0,0.0,0.0
26,dnsjava,org.xbill.DNS.HeaderTest.test_incCount_invalid,9.0,3.0,0.0,0.0,0.0,2,0.0,0,0.0,0.0,0.0,300.0,188.0,6.0,2.0,73.0,63.0,34.0,1138.0,276.0,1942.2196216534123,0,0,0,0.0,0.0
26,dnsjava,org.xbill.DNS.HeaderTest.test_decCount_invalid,9.0,3.0,0.0,0.0,0.0,2,0.0,0,0.0,0.0,0.0,300.0,188.0,6.0,2.0,73.0,63.0,34.0,1138.0,276.0,1942.2196216534123,0,0,0,0.0,0.0
26,dnsjava,org.xbill.DNS.HeaderTest.test_toString,22.0,1.0,0.45454545454545453,0.0,0.0,6,0.0,0,0.0,0.0,0.0,300.0,188.0,6.0,2.0,73.0,63.0,34.0,1138.0,276.0,1942.2196216534123,0,0,0,0.0,0.0
26,dnsjava,org.xbill.DNS.HeaderTest.test_clone,22.0,4.0,0.13636363636363635,4.0,0.0,9,0.0,0,3.0,0.0,0.0,300.0,188.0,6.0,2.0,73.0,63.0,34.0,1138.0,276.0,1942.2196216534123,0,0,0,0.0,0.0
26,dnsjava,org.xbill.DNS.HINFORecordTest.test_ctor_0arg,7.0,1.0,0.42857142857142855,4.0,0.0,0,0.0,0,0.0,0.0,0.0,95.0,6.0,6.0,1.0,18.0,22.0,13.0,329.0,122.0,707.1190455933754,0,0,0,0.0,0.0
26,dnsjava,org.xbill.DNS.HINFORecordTest.test_getObject,5.0,1.0,0.0,1.0,0.0,1,0.0,0,0.0,0.0,0.0,95.0,6.0,6.0,1.0,18.0,22.0,13.0,329.0,122.0,707.1190455933754,0,0,0,0.0,0.0
26,dnsjava,org.xbill.DNS.HINFORecordTest.test_ctor_5arg,13.0,2.0,0.38461538461538464,6.0,0.0,2,0.0,0,0.0,0.0,0.0,95.0,6.0,6.0,1.0,18.0,22.0,13.0,329.0,122.0,707.1190455933754,0,0,0,0.0,0.0
26,dnsjava,org.xbill.DNS.HINFORecordTest.test_ctor_5arg_invalid_CPU,12.0,3.0,0.0,0.0,0.0,0,0.0,0,0.0,0.0,0.0,95.0,6.0,6.0,1.0,18.0,22.0,13.0,329.0,122.0,707.1190455933754,0,0,0,0.0,0.0
26,dnsjava,org.xbill.DNS.HINFORecordTest.test_ctor_5arg_invalid_OS,12.0,3.0,0.0,0.0,0.0,0,0.0,0,0.0,0.0,0.0,95.0,6.0,6.0,1.0,18.0,22.0,13.0,329.0,122.0,707.1190455933754,0,0,0,0.0,0.0
26,dnsjava,org.xbill.DNS.HINFORecordTest.test_rrFromWire,10.0,2.0,0.1,2.0,0.0,3,0.0,0,0.0,0.0,0.0,95.0,6.0,6.0,1.0,18.0,22.0,13.0,329.0,122.0,707.1190455933754,0,0,0,0.0,0.0
26,dnsjava,org.xbill.DNS.HINFORecordTest.test_rdataFromString,9.0,2.0,0.1111111111111111,2.0,0.0,3,0.0,0,0.0,0.0,0.0,95.0,6.0,6.0,1.0,18.0,22.0,13.0,329.0,122.0,707.1190455933754,0,0,0,0.0,0.0
26,dnsjava,org.xbill.DNS.HINFORecordTest.test_rdataFromString_invalid_CPU,12.0,3.0,0.0,0.0,0.0,1,0.0,0,0.0,0.0,0.0,95.0,6.0,6.0,1.0,18.0,22.0,13.0,329.0,122.0,707.1190455933754,0,0,0,0.0,0.0
26,dnsjava,org.xbill.DNS.HINFORecordTest.test_rdataFromString_invalid_OS,11.0,3.0,0.0,0.0,0.0,1,0.0,0,0.0,0.0,0.0,95.0,6.0,6.0,1.0,18.0,22.0,13.0,329.0,122.0,707.1190455933754,0,0,0,0.0,0.0
26,dnsjava,org.xbill.DNS.HINFORecordTest.test_rrToString,7.0,2.0,0.0,1.0,0.0,1,1.0,0,0.0,0.0,0.0,95.0,6.0,6.0,1.0,18.0,22.0,13.0,329.0,122.0,707.1190455933754,0,0,0,0.0,0.0
26,dnsjava,org.xbill.DNS.HINFORecordTest.test_rrToWire,9.0,2.0,0.0,1.0,0.0,1,0.0,0,0.0,0.0,0.0,95.0,6.0,6.0,1.0,18.0,22.0,13.0,329.0,122.0,707.1190455933754,0,0,0,0.0,0.0
26,dnsjava,org.xbill.DNS.KEYBaseTest.test_ctor,18.0,2.0,0.6111111111111112,12.0,0.0,4,0.0,0,0.0,0.0,0.0,161.0,27.0,2.0,3.0,30.0,28.0,17.0,682.0,194.0,1265.8557536216317,0,0,0,0.0,0.0
26,dnsjava,org.xbill.DNS.KEYBaseTest.test_rrFromWire,18.0,2.0,0.3888888888888889,8.0,0.0,5,0.0,0,0.0,0.0,0.0,161.0,27.0,2.0,3.0,30.0,28.0,17.0,682.0,194.0,1265.8557536216317,0,0,0,0.0,0.0
26,dnsjava,org.xbill.DNS.KEYBaseTest.test_rrToString,14.0,2.0,0.14285714285714285,0.0,0.0,1,2.0,0,0.0,0.0,0.0,161.0,27.0,2.0,3.0,30.0,28.0,17.0,682.0,194.0,1265.8557536216317,0,0,0,0.0,0.0
26,dnsjava,org.xbill.DNS.KEYBaseTest.test_getFootprint,14.0,2.0,0.2857142857142857,5.0,0.0,1,0.0,0,0.0,0.0,0.0,161.0,27.0,2.0,3.0,30.0,28.0,17.0,682.0,194.0,1265.8557536216317,0,0,0,0.0,0.0
26,dnsjava,org.xbill.DNS.KEYBaseTest.test_rrToWire,12.0,2.0,0.08333333333333333,2.0,0.0,1,0.0,0,0.0,0.0,0.0,161.0,27.0,2.0,3.0,30.0,28.0,17.0,682.0,194.0,1265.8557536216317,0,0,0,0.0,0.0
26,dnsjava,org.xbill.DNS.KEYRecordTest.test_ctor_0arg,12.0,2.0,0.6666666666666666,9.0,0.0,0,0.0,0,0.0,0.0,0.0,352.0,10.0,0.0,3.0,12.0,10.0,5.0,1962.0,353.0,2676.3470329642337,11,0,0,0.0,0.0
26,dnsjava,org.xbill.DNS.KEYRecordTest.test_getObject,5.0,1.0,0.0,1.0,0.0,1,0.0,0,0.0,0.0,0.0,352.0,10.0,0.0,3.0,12.0,10.0,5.0,1962.0,353.0,2676.3470329642337,11,0,0,0.0,0.0
26,dnsjava,org.xbill.DNS.KEYRecordTest.test_ctor_7arg,20.0,3.0,0.35,8.0,0.0,0,0.0,0,0.0,0.0,0.0,352.0,10.0,0.0,3.0,12.0,10.0,5.0,1962.0,353.0,2676.3470329642337,11,0,0,0.0,0.0
26,dnsjava,org.xbill.DNS.KEYRecordTest.test_Protocol_string,16.0,3.0,0.0625,0.0,0.0,0,0.0,0,0.0,0.0,0.0,352.0,10.0,0.0,3.0,12.0,10.0,5.0,1962.0,353.0,2676.3470329642337,11,0,0,0.0,0.0
26,dnsjava,org.xbill.DNS.KEYRecordTest.test_Protocol_value,6.0,1.0,0.5,0.0,0.0,0,0.0,0,0.0,0.0,0.0,352.0,10.0,0.0,3.0,12.0,10.0,5.0,1962.0,353.0,2676.3470329642337,11,0,0,0.0,0.0
26,dnsjava,org.xbill.DNS.KEYRecordTest.test_Flags_value,12.0,1.0,0.75,0.0,0.0,0,0.0,0,0.0,0.0,0.0,352.0,10.0,0.0,3.0,12.0,10.0,5.0,1962.0,353.0,2676.3470329642337,11,0,0,0.0,0.0
26,dnsjava,org.xbill.DNS.KEYRecordTest.test_rdataFromString,40.0,3.0,0.175,8.0,0.0,1,0.0,0,0.0,0.0,0.0,352.0,10.0,0.0,3.0,12.0,10.0,5.0,1962.0,353.0,2676.3470329642337,11,0,0,0.0,0.0
26,dnsjava,org.xbill.DNS.KXRecordTest.test_getObject,5.0,1.0,0.0,1.0,0.0,1,0.0,0,0.0,0.0,0.0,51.0,15.0,0.0,0.0,10.0,9.0,3.0,162.0,75.0,381.56972514242875,0,0,0,0.0,0.0
26,dnsjava,org.xbill.DNS.KXRecordTest.test_ctor_5arg,12.0,2.0,0.5,7.0,0.0,3,0.0,0,0.0,0.0,0.0,51.0,15.0,0.0,0.0,10.0,9.0,3.0,162.0,75.0,381.56972514242875,0,0,0,0.0,0.0
26,dnsjava,org.xbill.DNS.MBRecordTest.test_ctor_0arg,6.0,1.0,0.3333333333333333,3.0,0.0,2,0.0,0,0.0,0.0,0.0,42.0,10.0,0.0,0.0,10.0,7.0,2.0,124.0,59.0,284.3966123706972,0,0,0,0.0,0.0
26,dnsjava,org.xbill.DNS.MBRecordTest.test_ctor_4arg,11.0,2.0,0.45454545454545453,6.0,0.0,2,0.0,0,0.0,0.0,0.0,42.0,10.0,0.0,0.0,10.0,7.0,2.0,124.0,59.0,284.3966123706972,0,0,0,0.0,0.0
26,dnsjava,org.xbill.DNS.MBRecordTest.test_getObject,5.0,1.0,0.0,1.0,0.0,1,0.0,0,0.0,0.0,0.0,42.0,10.0,0.0,0.0,10.0,7.0,2.0,124.0,59.0,284.3966123706972,0,0,0,0.0,0.0
26,dnsjava,org.xbill.DNS.MDRecordTest.test_ctor_0arg,6.0,1.0,0.3333333333333333,3.0,0.0,2,0.0,0,0.0,0.0,0.0,43.0,10.0,0.0,0.0,10.0,7.0,2.0,134.0,65.0,318.35958699680924,0,0,0,0.0,0.0
26,dnsjava,org.xbill.DNS.MDRecordTest.test_ctor_4arg,11.0,2.0,0.45454545454545453,6.0,0.0,2,0.0,0,0.0,0.0,0.0,43.0,10.0,0.0,0.0,10.0,7.0,2.0,134.0,65.0,318.35958699680924,0,0,0,0.0,0.0
26,dnsjava,org.xbill.DNS.MDRecordTest.test_getObject,5.0,1.0,0.0,1.0,0.0,1,0.0,0,0.0,0.0,0.0,43.0,10.0,0.0,0.0,10.0,7.0,2.0,134.0,65.0,318.35958699680924,0,0,0,0.0,0.0
26,dnsjava,org.xbill.DNS.MessageTest.suite,5.0,2.0,0.0,0.0,0.0,0,0.0,0,0.0,0.0,0.0,634.0,222.0,2.0,3.0,119.0,130.0,94.0,3173.0,586.0,4724.5856158677525,0,0,0,0.0,0.0
26,dnsjava,org.xbill.DNS.MFRecordTest.test_ctor_0arg,6.0,1.0,0.3333333333333333,3.0,0.0,2,0.0,0,0.0,0.0,0.0,43.0,10.0,0.0,0.0,10.0,7.0,2.0,134.0,65.0,318.35958699680924,0,0,0,0.0,0.0
26,dnsjava,org.xbill.DNS.MFRecordTest.test_ctor_4arg,11.0,2.0,0.45454545454545453,6.0,0.0,2,0.0,0,0.0,0.0,0.0,43.0,10.0,0.0,0.0,10.0,7.0,2.0,134.0,65.0,318.35958699680924,0,0,0,0.0,0.0
26,dnsjava,org.xbill.DNS.MFRecordTest.test_getObject,5.0,1.0,0.0,1.0,0.0,1,0.0,0,0.0,0.0,0.0,43.0,10.0,0.0,0.0,10.0,7.0,2.0,134.0,65.0,318.35958699680924,0,0,0,0.0,0.0
26,dnsjava,org.xbill.DNS.MGRecordTest.test_ctor_0arg,5.0,1.0,0.2,2.0,0.0,1,0.0,0,0.0,0.0,0.0,38.0,6.0,0.0,0.0,8.0,5.0,1.0,130.0,67.0,326.124808180524,0,0,0,0.0,0.0
26,dnsjava,org.xbill.DNS.MGRecordTest.test_ctor_4arg,10.0,2.0,0.4,5.0,0.0,1,0.0,0,0.0,0.0,0.0,38.0,6.0,0.0,0.0,8.0,5.0,1.0,130.0,67.0,326.124808180524,0,0,0,0.0,0.0
26,dnsjava,org.xbill.DNS.MGRecordTest.test_getObject,5.0,1.0,0.0,1.0,0.0,1,0.0,0,0.0,0.0,0.0,38.0,6.0,0.0,0.0,8.0,5.0,1.0,130.0,67.0,326.124808180524,0,0,0,0.0,0.0
26,dnsjava,org.xbill.DNS.MnemonicTest.MnemonicTest,3.0,1.0,0.0,0.0,0.0,0,0.0,0,0.0,0.0,0.0,210.0,26.0,1.0,1.0,35.0,37.0,24.0,905.0,246.0,1674.7519961501816,0,0,0,0.0,0.0
26,dnsjava,org.xbill.DNS.MnemonicTest.setUp,3.0,1.0,0.0,0.0,0.0,0,0.0,0,0.0,0.0,0.0,210.0,26.0,1.0,1.0,35.0,37.0,24.0,905.0,246.0,1674.7519961501816,0,0,0,0.0,0.0
26,dnsjava,org.xbill.DNS.MnemonicTest.test_toInteger,22.0,1.0,0.5,12.0,0.0,1,0.0,0,0.0,0.0,0.0,210.0,26.0,1.0,1.0,35.0,37.0,24.0,905.0,246.0,1674.7519961501816,0,0,0,0.0,0.0
26,dnsjava,org.xbill.DNS.MnemonicTest.test_no_maximum,27.0,3.0,0.07407407407407407,5.0,0.0,3,0.0,0,0.0,0.0,0.0,210.0,26.0,1.0,1.0,35.0,37.0,24.0,905.0,246.0,1674.7519961501816,0,0,0,0.0,0.0
26,dnsjava,org.xbill.DNS.MnemonicTest.test_setMaximum,36.0,3.0,0.08333333333333333,6.0,0.0,4,0.0,0,0.0,0.0,0.0,210.0,26.0,1.0,1.0,35.0,37.0,24.0,905.0,246.0,1674.7519961501816,0,0,0,0.0,0.0
26,dnsjava,org.xbill.DNS.MnemonicTest.test_setPrefix,8.0,1.0,0.125,1.0,0.0,3,0.0,0,0.0,0.0,0.0,210.0,26.0,1.0,1.0,35.0,37.0,24.0,905.0,246.0,1674.7519961501816,0,0,0,0.0,0.0
26,dnsjava,org.xbill.DNS.MnemonicTest.test_basic_operation,22.0,1.0,0.3181818181818182,4.0,0.0,4,0.0,0,0.0,0.0,0.0,210.0,26.0,1.0,1.0,35.0,37.0,24.0,905.0,246.0,1674.7519961501816,0,0,0,0.0,0.0
26,dnsjava,org.xbill.DNS.MnemonicTest.test_basic_operation_lower,23.0,1.0,0.30434782608695654,4.0,0.0,4,0.0,0,0.0,0.0,0.0,210.0,26.0,1.0,1.0,35.0,37.0,24.0,905.0,246.0,1674.7519961501816,0,0,0,0.0,0.0
26,dnsjava,org.xbill.DNS.MnemonicTest.test_basic_operation_sensitive,27.0,1.0,0.3333333333333333,6.0,0.0,4,0.0,0,0.0,0.0,0.0,210.0,26.0,1.0,1.0,35.0,37.0,24.0,905.0,246.0,1674.7519961501816,0,0,0,0.0,0.0
26,dnsjava,org.xbill.DNS.MnemonicTest.test_invalid_numeric,5.0,1.0,0.0,1.0,0.0,2,0.0,0,0.0,0.0,0.0,210.0,26.0,1.0,1.0,35.0,37.0,24.0,905.0,246.0,1674.7519961501816,0,0,0,0.0,0.0
26,dnsjava,org.xbill.DNS.MnemonicTest.test_addAll,25.0,1.0,0.28,4.0,0.0,5,0.0,0,0.0,0.0,0.0,210.0,26.0,1.0,1.0,35.0,37.0,24.0,905.0,246.0,1674.7519961501816,0,0,0,0.0,0.0
26,dnsjava,org.xbill.DNS.MRRecordTest.test_ctor_0arg,5.0,1.0,0.2,2.0,0.0,1,0.0,0,0.0,0.0,0.0,38.0,6.0,0.0,0.0,8.0,5.0,1.0,124.0,63.0,303.6777386331173,0,0,0,0.0,0.0
26,dnsjava,org.xbill.DNS.MRRecordTest.test_ctor_4arg,10.0,2.0,0.4,5.0,0.0,1,0.0,0,0.0,0.0,0.0,38.0,6.0,0.0,0.0,8.0,5.0,1.0,124.0,63.0,303.6777386331173,0,0,0,0.0,0.0
26,dnsjava,org.xbill.DNS.MRRecordTest.test_getObject,5.0,1.0,0.0,1.0,0.0,1,0.0,0,0.0,0.0,0.0,38.0,6.0,0.0,0.0,8.0,5.0,1.0,124.0,63.0,303.6777386331173,0,0,0,0.0,0.0
26,dnsjava,org.xbill.DNS.MXRecordTest.test_getObject,5.0,1.0,0.0,1.0,0.0,1,0.0,0,0.0,0.0,0.0,57.0,21.0,0.0,0.0,11.0,12.0,5.0,189.0,89.0,466.5154843403082,0,0,0,0.0,0.0
26,dnsjava,org.xbill.DNS.MXRecordTest.test_ctor_5arg,12.0,2.0,0.5,7.0,0.0,3,0.0,0,0.0,0.0,0.0,57.0,21.0,0.0,0.0,11.0,12.0,5.0,189.0,89.0,466.5154843403082,0,0,0,0.0,0.0
26,dnsjava,org.xbill.DNS.MXRecordTest.test_rrToWire,15.0,2.0,0.06666666666666667,2.0,0.0,1,0.0,0,0.0,0.0,0.0,57.0,21.0,0.0,0.0,11.0,12.0,5.0,189.0,89.0,466.5154843403082,0,0,0,0.0,0.0
26,dnsjava,org.xbill.DNS.NameTest.test_init_from_name,6.0,2.0,0.0,1.0,0.0,0,0.0,0,0.0,0.0,0.0,860.0,319.0,2.0,2.0,176.0,158.0,116.0,3578.0,842.0,6889.714900345816,0,0,0,0.0,60.0
26,dnsjava,org.xbill.DNS.NameTest.test_init_from_name_root,5.0,2.0,0.0,1.0,0.0,0,0.0,0,0.0,0.0,0.0,860.0,319.0,2.0,2.0,176.0,158.0,116.0,3578.0,842.0,6889.714900345816,0,0,0,0.0,60.0
26,dnsjava,org.xbill.DNS.NameTest.test_init_from_name_empty,8.0,2.0,0.375,4.0,0.0,4,0.0,0,0.0,0.0,0.0,860.0,319.0,2.0,2.0,176.0,158.0,116.0,3578.0,842.0,6889.714900345816,0,0,0,0.0,60.0
26,dnsjava,org.xbill.DNS.NameTest.test_concatenate_basic,7.0,2.0,0.0,1.0,0.0,3,0.0,0,0.0,0.0,0.0,860.0,319.0,2.0,2.0,176.0,158.0,116.0,3578.0,842.0,6889.714900345816,0,0,0,0.0,60.0
26,dnsjava,org.xbill.DNS.NameTest.test_concatenate_abs_prefix,7.0,2.0,0.0,1.0,0.0,3,0.0,0,0.0,0.0,0.0,860.0,319.0,2.0,2.0,176.0,158.0,116.0,3578.0,842.0,6889.714900345816,0,0,0,0.0,60.0
26,dnsjava,org.xbill.DNS.NameTest.test_concatenate_too_long,10.0,3.0,0.0,0.0,0.0,3,0.0,0,0.0,0.0,0.0,860.0,319.0,2.0,2.0,176.0,158.0,116.0,3578.0,842.0,6889.714900345816,0,0,0,0.0,60.0
26,dnsjava,org.xbill.DNS.NameTest.test_relativize,7.0,2.0,0.0,1.0,0.0,3,0.0,0,0.0,0.0,0.0,860.0,319.0,2.0,2.0,176.0,158.0,116.0,3578.0,842.0,6889.714900345816,0,0,0,0.0,60.0
26,dnsjava,org.xbill.DNS.NameTest.test_relativize_null_origin,6.0,2.0,0.0,1.0,0.0,3,0.0,0,0.0,0.0,0.0,860.0,319.0,2.0,2.0,176.0,158.0,116.0,3578.0,842.0,6889.714900345816,0,0,0,0.0,60.0
26,dnsjava,org.xbill.DNS.NameTest.test_relativize_disjoint,6.0,2.0,0.0,1.0,0.0,3,0.0,0,0.0,0.0,0.0,860.0,319.0,2.0,2.0,176.0,158.0,116.0,3578.0,842.0,6889.714900345816,0,0,0,0.0,60.0
26,dnsjava,org.xbill.DNS.NameTest.test_relativize_root,7.0,2.0,0.0,1.0,0.0,3,0.0,0,0.0,0.0,0.0,860.0,319.0,2.0,2.0,176.0,158.0,116.0,3578.0,842.0,6889.714900345816,0,0,0,0.0,60.0
26,dnsjava,org.xbill.DNS.NameTest.test_wild,6.0,2.0,0.0,1.0,0.0,3,0.0,0,0.0,0.0,0.0,860.0,319.0,2.0,2.0,176.0,158.0,116.0,3578.0,842.0,6889.714900345816,0,0,0,0.0,60.0
26,dnsjava,org.xbill.DNS.NameTest.test_wild_abs,6.0,2.0,0.0,1.0,0.0,3,0.0,0,0.0,0.0,0.0,860.0,319.0,2.0,2.0,176.0,158.0,116.0,3578.0,842.0,6889.714900345816,0,0,0,0.0,60.0
26,dnsjava,org.xbill.DNS.NameTest.test_wild_toobig,9.0,3.0,0.0,0.0,0.0,3,0.0,0,0.0,0.0,0.0,860.0,319.0,2.0,2.0,176.0,158.0,116.0,3578.0,842.0,6889.714900345816,0,0,0,0.0,60.0
26,dnsjava,org.xbill.DNS.NameTest.test_wild_toosmall,9.0,3.0,0.0,0.0,0.0,3,0.0,0,0.0,0.0,0.0,860.0,319.0,2.0,2.0,176.0,158.0,116.0,3578.0,842.0,6889.714900345816,0,0,0,0.0,60.0
26,dnsjava,org.xbill.DNS.NameTest.test_fromDNAME,9.0,2.0,0.0,1.0,0.0,1,0.0,0,0.0,0.0,0.0,860.0,319.0,2.0,2.0,176.0,158.0,116.0,3578.0,842.0,6889.714900345816,0,0,0,0.0,60.0
26,dnsjava,org.xbill.DNS.NameTest.test_fromDNAME_toobig,12.0,3.0,0.0,0.0,0.0,1,0.0,0,0.0,0.0,0.0,860.0,319.0,2.0,2.0,176.0,158.0,116.0,3578.0,842.0,6889.714900345816,0,0,0,0.0,60.0
26,dnsjava,org.xbill.DNS.NameTest.test_fromDNAME_disjoint,7.0,2.0,0.0,1.0,0.0,1,0.0,0,0.0,0.0,0.0,860.0,319.0,2.0,2.0,176.0,158.0,116.0,3578.0,842.0,6889.714900345816,0,0,0,0.0,60.0
26,dnsjava,org.xbill.DNS.NameTest.test_subdomain_abs,6.0,2.0,0.16666666666666666,2.0,0.0,1,0.0,0,0.0,0.0,0.0,860.0,319.0,2.0,2.0,176.0,158.0,116.0,3578.0,842.0,6889.714900345816,0,0,0,0.0,60.0
26,dnsjava,org.xbill.DNS.NameTest.test_subdomain_rel,6.0,2.0,0.16666666666666666,2.0,0.0,1,0.0,0,0.0,0.0,0.0,860.0,319.0,2.0,2.0,176.0,158.0,116.0,3578.0,842.0,6889.714900345816,0,0,0,0.0,60.0
26,dnsjava,org.xbill.DNS.NameTest.test_subdomain_equal,6.0,2.0,0.16666666666666666,2.0,0.0,1,0.0,0,0.0,0.0,0.0,860.0,319.0,2.0,2.0,176.0,158.0,116.0,3578.0,842.0,6889.714900345816,0,0,0,0.0,60.0
26,dnsjava,org.xbill.DNS.NameTest.test_toString_abs,5.0,2.0,0.0,1.0,0.0,2,1.0,0,0.0,0.0,0.0,860.0,319.0,2.0,2.0,176.0,158.0,116.0,3578.0,842.0,6889.714900345816,0,0,0,0.0,60.0
26,dnsjava,org.xbill.DNS.NameTest.test_toString_rel,5.0,2.0,0.0,1.0,0.0,2,1.0,0,0.0,0.0,0.0,860.0,319.0,2.0,2.0,176.0,158.0,116.0,3578.0,842.0,6889.714900345816,0,0,0,0.0,60.0
26,dnsjava,org.xbill.DNS.NameTest.test_toString_at,4.0,2.0,0.0,0.0,0.0,2,1.0,0,0.0,0.0,0.0,860.0,319.0,2.0,2.0,176.0,158.0,116.0,3578.0,842.0,6889.714900345816,0,0,0,0.0,60.0
26,dnsjava,org.xbill.DNS.NameTest.test_toString_root,3.0,2.0,0.0,0.0,0.0,2,1.0,0,0.0,0.0,0.0,860.0,319.0,2.0,2.0,176.0,158.0,116.0,3578.0,842.0,6889.714900345816,0,0,0,0.0,60.0
26,dnsjava,org.xbill.DNS.NameTest.test_toString_wild,5.0,2.0,0.0,1.0,0.0,2,1.0,0,0.0,0.0,0.0,860.0,319.0,2.0,2.0,176.0,158.0,116.0,3578.0,842.0,6889.714900345816,0,0,0,0.0,60.0
26,dnsjava,org.xbill.DNS.NameTest.test_toString_escaped,5.0,2.0,0.0,1.0,0.0,2,1.0,0,0.0,0.0,0.0,860.0,319.0,2.0,2.0,176.0,158.0,116.0,3578.0,842.0,6889.714900345816,0,0,0,0.0,60.0
26,dnsjava,org.xbill.DNS.NameTest.test_toString_special_char,6.0,2.0,0.0,1.0,0.0,2,1.0,0,0.0,0.0,0.0,860.0,319.0,2.0,2.0,176.0,158.0,116.0,3578.0,842.0,6889.714900345816,0,0,0,0.0,60.0
26,dnsjava,org.xbill.DNS.NameTest.test_canonicalize,15.0,2.0,0.4,7.0,0.0,5,3.0,0,0.0,0.0,0.0,860.0,319.0,2.0,2.0,176.0,158.0,116.0,3578.0,842.0,6889.714900345816,0,0,0,0.0,60.0
26,dnsjava,org.xbill.DNS.NameTest.test_to_string,9.0,2.0,0.4444444444444444,4.0,0.0,4,5.0,0,0.0,0.0,0.0,860.0,319.0,2.0,2.0,176.0,158.0,116.0,3578.0,842.0,6889.714900345816,0,0,0,0.0,60.0
26,dnsjava,org.xbill.DNS.NameTest.test_absolute,12.0,2.0,0.3333333333333333,5.0,0.0,1,0.0,0,0.0,0.0,0.0,860.0,319.0,2.0,2.0,176.0,158.0,116.0,3578.0,842.0,6889.714900345816,0,0,0,0.0,60.0
26,dnsjava,org.xbill.DNS.NameTest.suite,11.0,2.0,0.0,0.0,0.0,0,0.0,0,0.0,0.0,0.0,860.0,319.0,2.0,2.0,176.0,158.0,116.0,3578.0,842.0,6889.714900345816,0,0,0,0.0,60.0
26,dnsjava,org.xbill.DNS.NSAP_PTRRecordTest.test_ctor_0arg,5.0,1.0,0.2,2.0,0.0,1,0.0,0,0.0,0.0,0.0,38.0,6.0,0.0,0.0,6.0,5.0,1.0,121.0,64.0,306.93059491819145,0,0,0,0.0,0.0
26,dnsjava,org.xbill.DNS.NSAP_PTRRecordTest.test_ctor_4arg,10.0,2.0,0.4,5.0,0.0,1,0.0,0,0.0,0.0,0.0,38.0,6.0,0.0,0.0,6.0,5.0,1.0,121.0,64.0,306.93059491819145,0,0,0,0.0,0.0
26,dnsjava,org.xbill.DNS.NSAP_PTRRecordTest.test_getObject,5.0,1.0,0.0,1.0,0.0,1,0.0,0,0.0,0.0,0.0,38.0,6.0,0.0,0.0,6.0,5.0,1.0,121.0,64.0,306.93059491819145,0,0,0,0.0,0.0
26,dnsjava,org.xbill.DNS.NSRecordTest.test_ctor_0arg,6.0,1.0,0.3333333333333333,3.0,0.0,2,0.0,0,0.0,0.0,0.0,42.0,10.0,0.0,0.0,9.0,7.0,2.0,127.0,61.0,295.49541227397407,0,0,0,0.0,0.0
26,dnsjava,org.xbill.DNS.NSRecordTest.test_ctor_4arg,11.0,2.0,0.45454545454545453,6.0,0.0,2,0.0,0,0.0,0.0,0.0,42.0,10.0,0.0,0.0,9.0,7.0,2.0,127.0,61.0,295.49541227397407,0,0,0,0.0,0.0
26,dnsjava,org.xbill.DNS.NSRecordTest.test_getObject,5.0,1.0,0.0,1.0,0.0,1,0.0,0,0.0,0.0,0.0,42.0,10.0,0.0,0.0,9.0,7.0,2.0,127.0,61.0,295.49541227397407,0,0,0,0.0,0.0
26,dnsjava,org.xbill.DNS.OpcodeTest.test_string,16.0,3.0,0.0625,0.0,0.0,1,0.0,0,0.0,0.0,0.0,60.0,1.0,0.0,0.0,5.0,5.0,2.0,216.0,81.0,435.3975510224174,0,0,0,0.0,0.0
26,dnsjava,org.xbill.DNS.OpcodeTest.test_value,7.0,1.0,0.5714285714285714,0.0,0.0,1,0.0,0,0.0,0.0,0.0,60.0,1.0,0.0,0.0,5.0,5.0,2.0,216.0,81.0,435.3975510224174,0,0,0,0.0,0.0
26,dnsjava,org.xbill.DNS.OptionsTest.setUp,3.0,1.0,0.0,0.0,0.0,0,0.0,0,0.0,0.0,0.0,123.0,6.0,0.0,1.0,23.0,27.0,18.0,614.0,160.0,1027.1991885035427,0,0,0,0.0,0.0
26,dnsjava,org.xbill.DNS.OptionsTest.test_set_1arg,9.0,1.0,0.3333333333333333,0.0,0.0,3,0.0,0,0.0,0.0,0.0,123.0,6.0,0.0,1.0,23.0,27.0,18.0,614.0,160.0,1027.1991885035427,0,0,0,0.0,0.0
26,dnsjava,org.xbill.DNS.OptionsTest.test_set_2arg,10.0,1.0,0.4,0.0,0.0,3,0.0,0,0.0,0.0,0.0,123.0,6.0,0.0,1.0,23.0,27.0,18.0,614.0,160.0,1027.1991885035427,0,0,0,0.0,0.0
26,dnsjava,org.xbill.DNS.OptionsTest.test_check,7.0,1.0,0.42857142857142855,0.0,0.0,3,0.0,0,0.0,0.0,0.0,123.0,6.0,0.0,1.0,23.0,27.0,18.0,614.0,160.0,1027.1991885035427,0,0,0,0.0,0.0
26,dnsjava,org.xbill.DNS.OptionsTest.test_unset,12.0,1.0,0.25,0.0,0.0,4,0.0,0,0.0,0.0,0.0,123.0,6.0,0.0,1.0,23.0,27.0,18.0,614.0,160.0,1027.1991885035427,0,0,0,0.0,0.0
26,dnsjava,org.xbill.DNS.OptionsTest.test_value,6.0,1.0,0.3333333333333333,0.0,0.0,3,0.0,0,0.0,0.0,0.0,123.0,6.0,0.0,1.0,23.0,27.0,18.0,614.0,160.0,1027.1991885035427,0,0,0,0.0,0.0
26,dnsjava,org.xbill.DNS.OptionsTest.test_intValue,12.0,1.0,0.4166666666666667,0.0,0.0,3,0.0,0,0.0,0.0,0.0,123.0,6.0,0.0,1.0,23.0,27.0,18.0,614.0,160.0,1027.1991885035427,0,0,0,0.0,0.0
26,dnsjava,org.xbill.DNS.OptionsTest.test_systemProperty,14.0,1.0,0.6428571428571429,0.0,0.0,4,0.0,0,0.0,0.0,0.0,123.0,6.0,0.0,1.0,23.0,27.0,18.0,614.0,160.0,1027.1991885035427,0,0,0,0.0,0.0
26,dnsjava,org.xbill.DNS.OPTRecordTest.testForNoEqualityWithDifferentEDNS_Versions,5.0,2.0,0.0,1.0,0.0,0,0.0,0,1.0,0.0,0.0,203.0,90.0,13.0,2.0,43.0,38.0,22.0,1010.0,301.0,2082.2293885604267,0,0,0,0.0,0.0
26,dnsjava,org.xbill.DNS.OPTRecordTest.testForNoEqualityWithDifferentEDNS_RCodes,5.0,2.0,0.0,1.0,0.0,0,0.0,0,1.0,0.0,0.0,203.0,90.0,13.0,2.0,43.0,38.0,22.0,1010.0,301.0,2082.2293885604267,0,0,0,0.0,0.0
26,dnsjava,org.xbill.DNS.OPTRecordTest.testForEquality,6.0,1.0,0.16666666666666666,2.0,0.0,0,0.0,0,0.0,0.0,0.0,203.0,90.0,13.0,2.0,43.0,38.0,22.0,1010.0,301.0,2082.2293885604267,0,0,0,0.0,0.0
26,dnsjava,org.xbill.DNS.OPTRecordTest.assertNotEqual,4.0,1.0,0.5,0.0,0.0,1,0.0,0,0.0,0.0,0.0,203.0,90.0,13.0,2.0,43.0,38.0,22.0,1010.0,301.0,2082.2293885604267,0,0,0,0.0,0.0
26,dnsjava,org.xbill.DNS.RcodeTest.test_string,17.0,3.0,0.11764705882352941,0.0,0.0,1,0.0,0,0.0,0.0,0.0,123.0,4.0,0.0,0.0,7.0,7.0,3.0,525.0,144.0,901.9293498131938,17,0,0,0.0,0.0
26,dnsjava,org.xbill.DNS.RcodeTest.test_TSIGstring,16.0,3.0,0.0625,0.0,0.0,2,0.0,0,0.0,0.0,0.0,123.0,4.0,0.0,0.0,7.0,7.0,3.0,525.0,144.0,901.9293498131938,17,0,0,0.0,0.0
26,dnsjava,org.xbill.DNS.RcodeTest.test_value,9.0,1.0,0.6666666666666666,0.0,0.0,1,0.0,0,0.0,0.0,0.0,123.0,4.0,0.0,0.0,7.0,7.0,3.0,525.0,144.0,901.9293498131938,17,0,0,0.0,0.0
26,dnsjava,org.xbill.DNS.RecordTest.test_ctor_0arg,7.0,1.0,0.42857142857142855,4.0,0.0,4,0.0,0,0.0,0.0,0.0,736.0,646.0,9.0,4.0,171.0,132.0,84.0,3736.0,643.0,5289.170623981236,0,0,0,0.0,0.0
26,dnsjava,org.xbill.DNS.RecordTest.test_ctor_4arg,11.0,2.0,0.2727272727272727,4.0,0.0,6,0.0,0,0.0,0.0,0.0,736.0,646.0,9.0,4.0,171.0,132.0,84.0,3736.0,643.0,5289.170623981236,0,0,0,0.0,0.0
26,dnsjava,org.xbill.DNS.RecordTest.test_ctor_4arg_invalid,31.0,3.0,0.0,0.0,0.0,2,0.0,0,0.0,0.0,0.0,736.0,646.0,9.0,4.0,171.0,132.0,84.0,3736.0,643.0,5289.170623981236,0,0,0,0.0,0.0
26,dnsjava,org.xbill.DNS.RecordTest.test_newRecord_3arg,18.0,3.0,0.2222222222222222,5.0,0.0,11,0.0,0,0.0,0.0,0.0,736.0,646.0,9.0,4.0,171.0,132.0,84.0,3736.0,643.0,5289.170623981236,0,0,0,0.0,0.0
26,dnsjava,org.xbill.DNS.RecordTest.test_newRecord_4arg,19.0,3.0,0.21052631578947367,5.0,0.0,11,0.0,0,0.0,0.0,0.0,736.0,646.0,9.0,4.0,171.0,132.0,84.0,3736.0,643.0,5289.170623981236,0,0,0,0.0,0.0
26,dnsjava,org.xbill.DNS.RecordTest.test_newRecord_5arg,15.0,2.0,0.3333333333333333,6.0,0.0,11,0.0,0,0.0,0.0,0.0,736.0,646.0,9.0,4.0,171.0,132.0,84.0,3736.0,643.0,5289.170623981236,0,0,0,0.0,0.0
26,dnsjava,org.xbill.DNS.RecordTest.test_newRecord_6arg,28.0,2.0,0.5714285714285714,17.0,0.0,12,0.0,0,0.0,0.0,0.0,736.0,646.0,9.0,4.0,171.0,132.0,84.0,3736.0,643.0,5289.170623981236,0,0,0,0.0,0.0
26,dnsjava,org.xbill.DNS.RecordTest.test_newRecord_6arg_invalid,18.0,3.0,0.16666666666666666,4.0,0.0,7,0.0,0,0.0,0.0,0.0,736.0,646.0,9.0,4.0,171.0,132.0,84.0,3736.0,643.0,5289.170623981236,0,0,0,0.0,0.0
26,dnsjava,org.xbill.DNS.RecordTest.test_fromWire,56.0,2.0,0.44642857142857145,26.0,0.0,11,0.0,0,0.0,0.0,0.0,736.0,646.0,9.0,4.0,171.0,132.0,84.0,3736.0,643.0,5289.170623981236,0,0,0,0.0,0.0
26,dnsjava,org.xbill.DNS.RecordTest.test_toWire,31.0,2.0,0.06451612903225806,3.0,0.0,10,0.0,0,0.0,0.0,0.0,736.0,646.0,9.0,4.0,171.0,132.0,84.0,3736.0,643.0,5289.170623981236,0,0,0,0.0,0.0
26,dnsjava,org.xbill.DNS.RecordTest.test_toWireCanonical,18.0,2.0,0.0,1.0,0.0,11,0.0,0,0.0,0.0,0.0,736.0,646.0,9.0,4.0,171.0,132.0,84.0,3736.0,643.0,5289.170623981236,0,0,0,0.0,0.0
26,dnsjava,org.xbill.DNS.RecordTest.test_rdataToWireCanonical,17.0,2.0,0.058823529411764705,2.0,0.0,14,0.0,0,0.0,0.0,0.0,736.0,646.0,9.0,4.0,171.0,132.0,84.0,3736.0,643.0,5289.170623981236,0,0,0,0.0,0.0
26,dnsjava,org.xbill.DNS.RecordTest.test_rdataToString,13.0,2.0,0.07692307692307693,2.0,0.0,11,1.0,0,0.0,0.0,0.0,736.0,646.0,9.0,4.0,171.0,132.0,84.0,3736.0,643.0,5289.170623981236,0,0,0,0.0,0.0
26,dnsjava,org.xbill.DNS.RecordTest.test_toString,31.0,3.0,0.45161290322580644,8.0,0.0,10,6.0,0,2.0,0.0,0.0,736.0,646.0,9.0,4.0,171.0,132.0,84.0,3736.0,643.0,5289.170623981236,0,0,0,0.0,0.0
26,dnsjava,org.xbill.DNS.RecordTest.test_byteArrayFromString,9.0,2.0,0.1111111111111111,2.0,0.0,2,0.0,0,0.0,0.0,0.0,736.0,646.0,9.0,4.0,171.0,132.0,84.0,3736.0,643.0,5289.170623981236,0,0,0,0.0,0.0
26,dnsjava,org.xbill.DNS.RecordTest.test_byteArrayFromString_invalid,37.0,4.0,0.0,0.0,0.0,2,0.0,0,1.0,0.0,0.0,736.0,646.0,9.0,4.0,171.0,132.0,84.0,3736.0,643.0,5289.170623981236,0,0,0,0.0,0.0
26,dnsjava,org.xbill.DNS.RecordTest.test_byteArrayToString,5.0,1.0,0.0,1.0,0.0,1,1.0,0,0.0,0.0,0.0,736.0,646.0,9.0,4.0,171.0,132.0,84.0,3736.0,643.0,5289.170623981236,0,0,0,0.0,0.0
26,dnsjava,org.xbill.DNS.RecordTest.test_unknownToString,6.0,1.0,0.16666666666666666,0.0,0.0,1,0.0,0,0.0,0.0,0.0,736.0,646.0,9.0,4.0,171.0,132.0,84.0,3736.0,643.0,5289.170623981236,0,0,0,0.0,0.0
26,dnsjava,org.xbill.DNS.RecordTest.test_fromString,27.0,2.0,0.4074074074074074,12.0,0.0,7,0.0,0,0.0,0.0,0.0,736.0,646.0,9.0,4.0,171.0,132.0,84.0,3736.0,643.0,5289.170623981236,0,0,0,0.0,0.0
26,dnsjava,org.xbill.DNS.RecordTest.test_fromString_invalid,36.0,3.0,0.0,0.0,0.0,2,0.0,0,0.0,0.0,0.0,736.0,646.0,9.0,4.0,171.0,132.0,84.0,3736.0,643.0,5289.170623981236,0,0,0,0.0,0.0
26,dnsjava,org.xbill.DNS.RecordTest.test_getRRsetType,7.0,2.0,0.14285714285714285,2.0,0.0,8,0.0,0,0.0,0.0,0.0,736.0,646.0,9.0,4.0,171.0,132.0,84.0,3736.0,643.0,5289.170623981236,0,0,0,0.0,0.0
26,dnsjava,org.xbill.DNS.RecordTest.test_sameRRset,16.0,2.0,0.3125,6.0,0.0,8,0.0,0,0.0,0.0,0.0,736.0,646.0,9.0,4.0,171.0,132.0,84.0,3736.0,643.0,5289.170623981236,0,0,0,0.0,0.0
26,dnsjava,org.xbill.DNS.RecordTest.test_equals,35.0,2.0,0.4857142857142857,18.0,0.0,8,0.0,0,0.0,0.0,0.0,736.0,646.0,9.0,4.0,171.0,132.0,84.0,3736.0,643.0,5289.170623981236,0,0,0,0.0,0.0
26,dnsjava,org.xbill.DNS.RecordTest.test_hashCode,20.0,2.0,0.25,6.0,0.0,8,0.0,0,0.0,0.0,0.0,736.0,646.0,9.0,4.0,171.0,132.0,84.0,3736.0,643.0,5289.170623981236,0,0,0,0.0,0.0
26,dnsjava,org.xbill.DNS.RecordTest.test_cloneRecord,15.0,3.0,0.06666666666666667,2.0,0.0,8,0.0,0,0.0,0.0,0.0,736.0,646.0,9.0,4.0,171.0,132.0,84.0,3736.0,643.0,5289.170623981236,0,0,0,0.0,0.0
26,dnsjava,org.xbill.DNS.RecordTest.test_withName,19.0,3.0,0.21052631578947367,5.0,0.0,12,0.0,0,0.0,0.0,0.0,736.0,646.0,9.0,4.0,171.0,132.0,84.0,3736.0,643.0,5289.170623981236,0,0,0,0.0,0.0
26,dnsjava,org.xbill.DNS.RecordTest.test_withDClass,11.0,2.0,0.36363636363636365,5.0,0.0,12,0.0,0,0.0,0.0,0.0,736.0,646.0,9.0,4.0,171.0,132.0,84.0,3736.0,643.0,5289.170623981236,0,0,0,0.0,0.0
26,dnsjava,org.xbill.DNS.RecordTest.test_setTTL,13.0,2.0,0.38461538461538464,6.0,0.0,12,0.0,0,0.0,0.0,0.0,736.0,646.0,9.0,4.0,171.0,132.0,84.0,3736.0,643.0,5289.170623981236,0,0,0,0.0,0.0
26,dnsjava,org.xbill.DNS.RecordTest.test_compareTo,32.0,2.0,0.4375,15.0,0.0,10,0.0,0,0.0,0.0,0.0,736.0,646.0,9.0,4.0,171.0,132.0,84.0,3736.0,643.0,5289.170623981236,0,0,0,0.0,0.0
26,dnsjava,org.xbill.DNS.RecordTest.test_getAdditionalName,5.0,2.0,0.0,1.0,0.0,3,0.0,0,0.0,0.0,0.0,736.0,646.0,9.0,4.0,171.0,132.0,84.0,3736.0,643.0,5289.170623981236,0,0,0,0.0,0.0
26,dnsjava,org.xbill.DNS.RecordTest.test_checkU8,17.0,3.0,0.11764705882352941,0.0,0.0,1,0.0,0,0.0,0.0,0.0,736.0,646.0,9.0,4.0,171.0,132.0,84.0,3736.0,643.0,5289.170623981236,0,0,0,0.0,0.0
26,dnsjava,org.xbill.DNS.RecordTest.test_checkU16,17.0,3.0,0.11764705882352941,0.0,0.0,1,0.0,0,0.0,0.0,0.0,736.0,646.0,9.0,4.0,171.0,132.0,84.0,3736.0,643.0,5289.170623981236,0,0,0,0.0,0.0
26,dnsjava,org.xbill.DNS.RecordTest.test_checkU32,17.0,3.0,0.11764705882352941,0.0,0.0,1,0.0,0,0.0,0.0,0.0,736.0,646.0,9.0,4.0,171.0,132.0,84.0,3736.0,643.0,5289.170623981236,0,0,0,0.0,0.0
26,dnsjava,org.xbill.DNS.RecordTest.test_checkName,11.0,3.0,0.0,0.0,0.0,3,0.0,0,0.0,0.0,0.0,736.0,646.0,9.0,4.0,171.0,132.0,84.0,3736.0,643.0,5289.170623981236,0,0,0,0.0,0.0
26,dnsjava,org.xbill.DNS.ReverseMapTest.test_fromAddress_ipv4,9.0,2.0,0.4444444444444444,5.0,0.0,5,0.0,0,0.0,0.0,0.0,130.0,15.0,5.0,1.0,24.0,17.0,11.0,800.0,183.0,1223.2839461632307,0,0,0,0.0,0.0
26,dnsjava,org.xbill.DNS.ReverseMapTest.test_fromAddress_ipv6,10.0,2.0,0.3,4.0,1.0,5,0.0,0,0.0,0.0,0.0,130.0,15.0,5.0,1.0,24.0,17.0,11.0,800.0,183.0,1223.2839461632307,0,0,0,0.0,0.0
26,dnsjava,org.xbill.DNS.ReverseMapTest.test_fromAddress_invalid,45.0,3.0,0.0,0.0,0.0,5,0.0,0,0.0,0.0,0.0,130.0,15.0,5.0,1.0,24.0,17.0,11.0,800.0,183.0,1223.2839461632307,0,0,0,0.0,0.0
26,dnsjava,org.xbill.DNS.RRsetTest.setUp,10.0,2.0,0.0,0.0,0.0,0,0.0,0,0.0,0.0,0.0,258.0,39.0,4.0,2.0,50.0,68.0,49.0,1143.0,250.0,1760.3529159487025,0,0,0,0.0,0.0
26,dnsjava,org.xbill.DNS.RRsetTest.test_ctor_0arg,40.0,3.0,0.125,5.0,0.0,10,1.0,0,0.0,0.0,0.0,258.0,39.0,4.0,2.0,50.0,68.0,49.0,1143.0,250.0,1760.3529159487025,0,0,0,0.0,0.0
26,dnsjava,org.xbill.DNS.RRsetTest.test_basics,62.0,2.0,0.6774193548387096,43.0,0.0,12,0.0,0,0.0,0.0,0.0,258.0,39.0,4.0,2.0,50.0,68.0,49.0,1143.0,250.0,1760.3529159487025,0,0,0,0.0,0.0
26,dnsjava,org.xbill.DNS.RRsetTest.test_ctor_1arg,19.0,1.0,0.47368421052631576,10.0,0.0,6,0.0,0,0.0,0.0,0.0,258.0,39.0,4.0,2.0,50.0,68.0,49.0,1143.0,250.0,1760.3529159487025,0,0,0,0.0,0.0
26,dnsjava,org.xbill.DNS.RRsetTest.test_toString,11.0,1.0,0.2727272727272727,1.0,0.0,2,1.0,0,0.0,0.0,0.0,258.0,39.0,4.0,2.0,50.0,68.0,49.0,1143.0,250.0,1760.3529159487025,0,0,0,0.0,0.0
26,dnsjava,org.xbill.DNS.RRsetTest.test_addRR_invalidType,10.0,3.0,0.0,0.0,0.0,1,0.0,0,0.0,0.0,0.0,258.0,39.0,4.0,2.0,50.0,68.0,49.0,1143.0,250.0,1760.3529159487025,0,0,0,0.0,0.0
26,dnsjava,org.xbill.DNS.RRsetTest.test_addRR_invalidName,10.0,3.0,0.0,0.0,0.0,1,0.0,0,0.0,0.0,0.0,258.0,39.0,4.0,2.0,50.0,68.0,49.0,1143.0,250.0,1760.3529159487025,0,0,0,0.0,0.0
26,dnsjava,org.xbill.DNS.RRsetTest.test_addRR_invalidDClass,10.0,3.0,0.0,0.0,0.0,1,0.0,0,0.0,0.0,0.0,258.0,39.0,4.0,2.0,50.0,68.0,49.0,1143.0,250.0,1760.3529159487025,0,0,0,0.0,0.0
26,dnsjava,org.xbill.DNS.RRsetTest.test_TTLcalculation,11.0,2.0,0.18181818181818182,3.0,0.0,4,0.0,0,1.0,0.0,0.0,258.0,39.0,4.0,2.0,50.0,68.0,49.0,1143.0,250.0,1760.3529159487025,0,0,0,0.0,0.0
26,dnsjava,org.xbill.DNS.RRsetTest.test_Record_placement,15.0,1.0,0.4666666666666667,8.0,0.0,4,0.0,0,0.0,0.0,0.0,258.0,39.0,4.0,2.0,50.0,68.0,49.0,1143.0,250.0,1760.3529159487025,0,0,0,0.0,0.0
26,dnsjava,org.xbill.DNS.RRsetTest.test_noncycling_iterator,14.0,1.0,0.5,8.0,0.0,3,0.0,0,0.0,0.0,0.0,258.0,39.0,4.0,2.0,50.0,68.0,49.0,1143.0,250.0,1760.3529159487025,0,0,0,0.0,0.0
26,dnsjava,org.xbill.DNS.RTRecordTest.test_getObject,5.0,1.0,0.0,1.0,0.0,1,0.0,0,0.0,0.0,0.0,48.0,10.0,0.0,0.0,8.0,7.0,2.0,160.0,78.0,395.86355758823845,0,0,0,0.0,0.0
26,dnsjava,org.xbill.DNS.RTRecordTest.test_ctor_5arg,11.0,2.0,0.45454545454545453,6.0,0.0,2,0.0,0,0.0,0.0,0.0,48.0,10.0,0.0,0.0,8.0,7.0,2.0,160.0,78.0,395.86355758823845,0,0,0,0.0,0.0
26,dnsjava,org.xbill.DNS.SectionTest.test_string,15.0,3.0,0.0,0.0,0.0,1,0.0,0,0.0,0.0,0.0,92.0,0.0,0.0,0.0,10.0,9.0,4.0,367.0,101.0,596.4415466535116,0,0,0,0.0,0.0
26,dnsjava,org.xbill.DNS.SectionTest.test_value,5.0,1.0,0.4,0.0,0.0,1,0.0,0,0.0,0.0,0.0,92.0,0.0,0.0,0.0,10.0,9.0,4.0,367.0,101.0,596.4415466535116,0,0,0,0.0,0.0
26,dnsjava,org.xbill.DNS.SectionTest.test_longString,13.0,2.0,0.0,0.0,0.0,1,0.0,0,0.0,0.0,0.0,92.0,0.0,0.0,0.0,10.0,9.0,4.0,367.0,101.0,596.4415466535116,0,0,0,0.0,0.0
26,dnsjava,org.xbill.DNS.SectionTest.test_updString,13.0,2.0,0.0,0.0,0.0,2,0.0,0,0.0,0.0,0.0,92.0,0.0,0.0,0.0,10.0,9.0,4.0,367.0,101.0,596.4415466535116,0,0,0,0.0,0.0
26,dnsjava,org.xbill.DNS.SerialTest.test_compare_NegativeArg1,10.0,2.0,0.0,0.0,0.0,1,0.0,0,0.0,0.0,0.0,61.0,1.0,0.0,0.0,10.0,3.0,0.0,344.0,137.0,800.1679070601556,0,0,0,0.0,0.0
26,dnsjava,org.xbill.DNS.SerialTest.test_compare_OOBArg1,10.0,2.0,0.0,0.0,0.0,1,0.0,0,0.0,0.0,0.0,61.0,1.0,0.0,0.0,10.0,3.0,0.0,344.0,137.0,800.1679070601556,0,0,0,0.0,0.0
26,dnsjava,org.xbill.DNS.SerialTest.test_compare_NegativeArg2,10.0,2.0,0.0,0.0,0.0,1,0.0,0,0.0,0.0,0.0,61.0,1.0,0.0,0.0,10.0,3.0,0.0,344.0,137.0,800.1679070601556,0,0,0,0.0,0.0
26,dnsjava,org.xbill.DNS.SerialTest.test_compare_OOBArg2,10.0,2.0,0.0,0.0,0.0,1,0.0,0,0.0,0.0,0.0,61.0,1.0,0.0,0.0,10.0,3.0,0.0,344.0,137.0,800.1679070601556,0,0,0,0.0,0.0
26,dnsjava,org.xbill.DNS.SerialTest.test_compare_Arg1Greater,6.0,1.0,0.0,1.0,0.0,1,0.0,0,0.0,0.0,0.0,61.0,1.0,0.0,0.0,10.0,3.0,0.0,344.0,137.0,800.1679070601556,0,0,0,0.0,0.0
26,dnsjava,org.xbill.DNS.SerialTest.test_compare_Arg2Greater,6.0,1.0,0.0,1.0,0.0,1,0.0,0,0.0,0.0,0.0,61.0,1.0,0.0,0.0,10.0,3.0,0.0,344.0,137.0,800.1679070601556,0,0,0,0.0,0.0
26,dnsjava,org.xbill.DNS.SerialTest.test_compare_ArgsEqual,6.0,1.0,0.0,1.0,0.0,1,0.0,0,0.0,0.0,0.0,61.0,1.0,0.0,0.0,10.0,3.0,0.0,344.0,137.0,800.1679070601556,0,0,0,0.0,0.0
26,dnsjava,org.xbill.DNS.SerialTest.test_compare_boundary,8.0,1.0,0.125,2.0,0.0,1,0.0,0,0.0,0.0,0.0,61.0,1.0,0.0,0.0,10.0,3.0,0.0,344.0,137.0,800.1679070601556,0,0,0,0.0,0.0
26,dnsjava,org.xbill.DNS.SerialTest.test_increment_NegativeArg,9.0,2.0,0.0,0.0,0.0,1,0.0,0,0.0,0.0,0.0,61.0,1.0,0.0,0.0,10.0,3.0,0.0,344.0,137.0,800.1679070601556,0,0,0,0.0,0.0
26,dnsjava,org.xbill.DNS.SerialTest.test_increment_OOBArg,9.0,2.0,0.0,0.0,0.0,1,0.0,0,0.0,0.0,0.0,61.0,1.0,0.0,0.0,10.0,3.0,0.0,344.0,137.0,800.1679070601556,0,0,0,0.0,0.0
26,dnsjava,org.xbill.DNS.SerialTest.test_increment_reset,5.0,1.0,0.0,1.0,0.0,1,0.0,0,0.0,0.0,0.0,61.0,1.0,0.0,0.0,10.0,3.0,0.0,344.0,137.0,800.1679070601556,0,0,0,0.0,0.0
26,dnsjava,org.xbill.DNS.SerialTest.test_increment_normal,5.0,1.0,0.0,1.0,0.0,1,0.0,0,0.0,0.0,0.0,61.0,1.0,0.0,0.0,10.0,3.0,0.0,344.0,137.0,800.1679070601556,0,0,0,0.0,0.0
26,dnsjava,org.xbill.DNS.SetResponseTest.test_ctor_1arg,14.0,2.0,0.5,8.0,0.0,8,0.0,0,1.0,0.0,0.0,202.0,0.0,1.0,1.0,40.0,22.0,5.0,590.0,220.0,1403.6269581179483,0,0,0,0.0,0.0
26,dnsjava,org.xbill.DNS.SetResponseTest.test_ctor_1arg_toosmall,8.0,3.0,0.0,0.0,0.0,0,0.0,0,0.0,0.0,0.0,202.0,0.0,1.0,1.0,40.0,22.0,5.0,590.0,220.0,1403.6269581179483,0,0,0,0.0,0.0
26,dnsjava,org.xbill.DNS.SetResponseTest.test_ctor_1arg_toobig,8.0,3.0,0.0,0.0,0.0,0,0.0,0,0.0,0.0,0.0,202.0,0.0,1.0,1.0,40.0,22.0,5.0,590.0,220.0,1403.6269581179483,0,0,0,0.0,0.0
26,dnsjava,org.xbill.DNS.SetResponseTest.test_ctor_2arg,15.0,2.0,0.4666666666666667,8.0,0.0,8,0.0,0,1.0,0.0,0.0,202.0,0.0,1.0,1.0,40.0,22.0,5.0,590.0,220.0,1403.6269581179483,0,0,0,0.0,0.0
26,dnsjava,org.xbill.DNS.SetResponseTest.test_ctor_2arg_toosmall,8.0,3.0,0.0,0.0,0.0,0,0.0,0,0.0,0.0,0.0,202.0,0.0,1.0,1.0,40.0,22.0,5.0,590.0,220.0,1403.6269581179483,0,0,0,0.0,0.0
26,dnsjava,org.xbill.DNS.SetResponseTest.test_ctor_2arg_toobig,8.0,3.0,0.0,0.0,0.0,0,0.0,0,0.0,0.0,0.0,202.0,0.0,1.0,1.0,40.0,22.0,5.0,590.0,220.0,1403.6269581179483,0,0,0,0.0,0.0
26,dnsjava,org.xbill.DNS.SetResponseTest.test_ofType_basic,16.0,2.0,0.5,9.0,0.0,9,0.0,0,1.0,0.0,0.0,202.0,0.0,1.0,1.0,40.0,22.0,5.0,590.0,220.0,1403.6269581179483,0,0,0,0.0,0.0
26,dnsjava,org.xbill.DNS.SetResponseTest.test_ofType_singleton,16.0,2.0,0.5,9.0,0.0,9,0.0,0,1.0,0.0,0.0,202.0,0.0,1.0,1.0,40.0,22.0,5.0,590.0,220.0,1403.6269581179483,0,0,0,0.0,0.0
26,dnsjava,org.xbill.DNS.SetResponseTest.test_ofType_toosmall,8.0,3.0,0.0,0.0,0.0,1,0.0,0,0.0,0.0,0.0,202.0,0.0,1.0,1.0,40.0,22.0,5.0,590.0,220.0,1403.6269581179483,0,0,0,0.0,0.0
26,dnsjava,org.xbill.DNS.SetResponseTest.test_ofType_toobig,8.0,3.0,0.0,0.0,0.0,1,0.0,0,0.0,0.0,0.0,202.0,0.0,1.0,1.0,40.0,22.0,5.0,590.0,220.0,1403.6269581179483,0,0,0,0.0,0.0
26,dnsjava,org.xbill.DNS.SetResponseTest.test_addRRset,9.0,2.0,0.0,1.0,0.0,2,0.0,0,0.0,0.0,0.0,202.0,0.0,1.0,1.0,40.0,22.0,5.0,590.0,220.0,1403.6269581179483,0,0,0,0.0,0.0
26,dnsjava,org.xbill.DNS.SetResponseTest.test_addRRset_multiple,13.0,2.0,0.0,1.0,0.0,2,0.0,0,0.0,0.0,0.0,202.0,0.0,1.0,1.0,40.0,22.0,5.0,590.0,220.0,1403.6269581179483,0,0,0,0.0,0.0
26,dnsjava,org.xbill.DNS.SetResponseTest.test_answers_nonSUCCESSFUL,4.0,1.0,0.0,1.0,0.0,1,0.0,0,0.0,0.0,0.0,202.0,0.0,1.0,1.0,40.0,22.0,5.0,590.0,220.0,1403.6269581179483,0,0,0,0.0,0.0
26,dnsjava,org.xbill.DNS.SetResponseTest.test_getCNAME,7.0,2.0,0.0,1.0,0.0,1,0.0,0,0.0,0.0,0.0,202.0,0.0,1.0,1.0,40.0,22.0,5.0,590.0,220.0,1403.6269581179483,0,0,0,0.0,0.0
26,dnsjava,org.xbill.DNS.SetResponseTest.test_getDNAME,7.0,2.0,0.0,1.0,0.0,1,0.0,0,0.0,0.0,0.0,202.0,0.0,1.0,1.0,40.0,22.0,5.0,590.0,220.0,1403.6269581179483,0,0,0,0.0,0.0
26,dnsjava,org.xbill.DNS.SetResponseTest.test_toString,10.0,3.0,0.0,1.0,0.0,1,1.0,0,1.0,0.0,0.0,202.0,0.0,1.0,1.0,40.0,22.0,5.0,590.0,220.0,1403.6269581179483,0,0,0,0.0,0.0
26,dnsjava,org.xbill.DNS.SingleCompressedNameBaseTest.assertEquals,3.0,1.0,0.3333333333333333,1.0,0.0,0,0.0,0,0.0,0.0,0.0,31.0,3.0,0.0,0.0,3.0,4.0,1.0,85.0,57.0,253.23112161994806,0,0,0,0.0,0.0
26,dnsjava,org.xbill.DNS.SingleCompressedNameBaseTest.test_ctor,12.0,2.0,0.4166666666666667,6.0,0.0,0,0.0,0,0.0,0.0,0.0,31.0,3.0,0.0,0.0,3.0,4.0,1.0,85.0,57.0,253.23112161994806,0,0,0,0.0,0.0
26,dnsjava,org.xbill.DNS.SingleCompressedNameBaseTest.test_rrToWire,16.0,2.0,0.0625,2.0,0.0,1,0.0,0,0.0,0.0,0.0,31.0,3.0,0.0,0.0,3.0,4.0,1.0,85.0,57.0,253.23112161994806,0,0,0,0.0,0.0
26,dnsjava,org.xbill.DNS.SingleNameBaseTest.assertEquals,3.0,1.0,0.3333333333333333,1.0,0.0,0,0.0,0,0.0,0.0,0.0,61.0,0.0,5.0,1.0,12.0,12.0,4.0,168.0,75.0,384.2972984552444,0,0,0,0.0,0.0
26,dnsjava,org.xbill.DNS.SingleNameBaseTest.test_ctor,17.0,2.0,0.5294117647058824,10.0,0.0,1,0.0,0,0.0,0.0,0.0,61.0,0.0,5.0,1.0,12.0,12.0,4.0,168.0,75.0,384.2972984552444,0,0,0,0.0,0.0
26,dnsjava,org.xbill.DNS.SingleNameBaseTest.test_rrFromWire,8.0,2.0,0.0,1.0,0.0,2,0.0,0,0.0,0.0,0.0,61.0,0.0,5.0,1.0,12.0,12.0,4.0,168.0,75.0,384.2972984552444,0,0,0,0.0,0.0
26,dnsjava,org.xbill.DNS.SingleNameBaseTest.test_rdataFromString,15.0,3.0,0.0,1.0,0.0,2,0.0,0,0.0,0.0,0.0,61.0,0.0,5.0,1.0,12.0,12.0,4.0,168.0,75.0,384.2972984552444,0,0,0,0.0,0.0
26,dnsjava,org.xbill.DNS.SingleNameBaseTest.test_rrToString,9.0,2.0,0.1111111111111111,2.0,0.0,3,1.0,0,0.0,0.0,0.0,61.0,0.0,5.0,1.0,12.0,12.0,4.0,168.0,75.0,384.2972984552444,0,0,0,0.0,0.0
26,dnsjava,org.xbill.DNS.SingleNameBaseTest.test_rrToWire,16.0,2.0,0.0625,2.0,0.0,1,0.0,0,0.0,0.0,0.0,61.0,0.0,5.0,1.0,12.0,12.0,4.0,168.0,75.0,384.2972984552444,0,0,0,0.0,0.0
26,dnsjava,org.xbill.DNS.SOARecordTest.randomU16,3.0,2.0,0.0,0.0,0.0,0,0.0,0,0.0,0.0,0.0,162.0,51.0,5.0,1.0,29.0,25.0,11.0,698.0,180.0,1178.679438497227,0,0,0,0.0,0.0
26,dnsjava,org.xbill.DNS.SOARecordTest.randomU32,3.0,2.0,0.0,0.0,0.0,0,0.0,0,0.0,0.0,0.0,162.0,51.0,5.0,1.0,29.0,25.0,11.0,698.0,180.0,1178.679438497227,0,0,0,0.0,0.0
26,dnsjava,org.xbill.DNS.SOARecordTest.suite,9.0,2.0,0.0,0.0,0.0,0,0.0,0,0.0,0.0,0.0,162.0,51.0,5.0,1.0,29.0,25.0,11.0,698.0,180.0,1178.679438497227,0,0,0,0.0,0.0
26,dnsjava,org.xbill.DNS.TokenizerTest.setUp,3.0,1.0,0.0,0.0,0.0,0,0.0,0,0.0,0.0,0.0,732.0,470.0,1.0,3.0,133.0,110.0,77.0,2361.0,573.0,4450.399627749999,0,0,0,0.0,1.0
26,dnsjava,org.xbill.DNS.TokenizerTest.assertEquals,3.0,1.0,0.3333333333333333,1.0,0.0,0,0.0,0,0.0,0.0,0.0,732.0,470.0,1.0,3.0,133.0,110.0,77.0,2361.0,573.0,4450.399627749999,0,0,0,0.0,1.0
26,dnsjava,org.xbill.DNS.TokenizerTest.test_get,101.0,3.0,0.6237623762376238,52.0,0.0,3,0.0,0,16.0,0.0,0.0,732.0,470.0,1.0,3.0,133.0,110.0,77.0,2361.0,573.0,4450.399627749999,0,0,0,0.0,1.0
26,dnsjava,org.xbill.DNS.TokenizerTest.test_get_invalid,38.0,3.0,0.0,0.0,0.0,2,0.0,0,0.0,0.0,0.0,732.0,470.0,1.0,3.0,133.0,110.0,77.0,2361.0,573.0,4450.399627749999,0,0,0,0.0,1.0
26,dnsjava,org.xbill.DNS.TokenizerTest.test_File_input,24.0,2.0,0.25,4.0,6.0,3,0.0,1,0.0,0.0,0.0,732.0,470.0,1.0,3.0,133.0,110.0,77.0,2361.0,573.0,4450.399627749999,0,0,0,0.0,1.0
26,dnsjava,org.xbill.DNS.TokenizerTest.test_unwanted_comment,5.0,2.0,0.0,1.0,0.0,2,0.0,0,0.0,0.0,0.0,732.0,470.0,1.0,3.0,133.0,110.0,77.0,2361.0,573.0,4450.399627749999,0,0,0,0.0,1.0
26,dnsjava,org.xbill.DNS.TokenizerTest.test_unwanted_ungotten_whitespace,7.0,2.0,0.0,1.0,0.0,3,0.0,0,0.0,0.0,0.0,732.0,470.0,1.0,3.0,133.0,110.0,77.0,2361.0,573.0,4450.399627749999,0,0,0,0.0,1.0
26,dnsjava,org.xbill.DNS.TokenizerTest.test_unwanted_ungotten_comment,7.0,2.0,0.0,1.0,0.0,3,0.0,0,0.0,0.0,0.0,732.0,470.0,1.0,3.0,133.0,110.0,77.0,2361.0,573.0,4450.399627749999,0,0,0,0.0,1.0
26,dnsjava,org.xbill.DNS.TokenizerTest.test_empty_string,8.0,2.0,0.125,2.0,0.0,2,0.0,0,0.0,0.0,0.0,732.0,470.0,1.0,3.0,133.0,110.0,77.0,2361.0,573.0,4450.399627749999,0,0,0,0.0,1.0
26,dnsjava,org.xbill.DNS.TokenizerTest.test_multiple_ungets,11.0,3.0,0.0,0.0,0.0,3,0.0,0,0.0,0.0,0.0,732.0,470.0,1.0,3.0,133.0,110.0,77.0,2361.0,573.0,4450.399627749999,0,0,0,0.0,1.0
26,dnsjava,org.xbill.DNS.TokenizerTest.test_getString,15.0,4.0,0.06666666666666667,0.0,0.0,1,0.0,0,2.0,0.0,0.0,732.0,470.0,1.0,3.0,133.0,110.0,77.0,2361.0,573.0,4450.399627749999,0,0,0,0.0,1.0
26,dnsjava,org.xbill.DNS.TokenizerTest.test_getIdentifier,12.0,4.0,0.0,0.0,0.0,1,0.0,0,5.0,0.0,0.0,732.0,470.0,1.0,3.0,133.0,110.0,77.0,2361.0,573.0,4450.399627749999,0,0,0,0.0,1.0
26,dnsjava,org.xbill.DNS.TokenizerTest.test_getLong,19.0,4.0,0.0,1.0,0.0,1,0.0,0,1.0,0.0,0.0,732.0,470.0,1.0,3.0,133.0,110.0,77.0,2361.0,573.0,4450.399627749999,0,0,0,0.0,1.0
26,dnsjava,org.xbill.DNS.TokenizerTest.test_getUInt32,19.0,3.0,0.0,1.0,0.0,1,0.0,0,0.0,0.0,0.0,732.0,470.0,1.0,3.0,133.0,110.0,77.0,2361.0,573.0,4450.399627749999,0,0,0,0.0,1.0
26,dnsjava,org.xbill.DNS.TokenizerTest.test_getUInt16,19.0,3.0,0.0,1.0,0.0,1,0.0,0,0.0,0.0,0.0,732.0,470.0,1.0,3.0,133.0,110.0,77.0,2361.0,573.0,4450.399627749999,0,0,0,0.0,1.0
26,dnsjava,org.xbill.DNS.TokenizerTest.test_getUInt8,19.0,3.0,0.0,1.0,0.0,1,0.0,0,0.0,0.0,0.0,732.0,470.0,1.0,3.0,133.0,110.0,77.0,2361.0,573.0,4450.399627749999,0,0,0,0.0,1.0
26,dnsjava,org.xbill.DNS.TokenizerTest.test_getTTL,15.0,3.0,0.13333333333333333,3.0,0.0,1,0.0,0,0.0,0.0,0.0,732.0,470.0,1.0,3.0,133.0,110.0,77.0,2361.0,573.0,4450.399627749999,0,0,0,0.0,1.0
26,dnsjava,org.xbill.DNS.TokenizerTest.test_getTTLLike,15.0,3.0,0.13333333333333333,3.0,0.0,1,0.0,0,0.0,0.0,0.0,732.0,470.0,1.0,3.0,133.0,110.0,77.0,2361.0,573.0,4450.399627749999,0,0,0,0.0,1.0
26,dnsjava,org.xbill.DNS.TokenizerTest.test_getName,22.0,3.0,0.0,1.0,0.0,1,0.0,0,0.0,0.0,0.0,732.0,470.0,1.0,3.0,133.0,110.0,77.0,2361.0,573.0,4450.399627749999,0,0,0,0.0,1.0
26,dnsjava,org.xbill.DNS.TokenizerTest.test_getEOL,25.0,4.0,0.0,2.0,0.0,2,0.0,0,1.0,0.0,0.0,732.0,470.0,1.0,3.0,133.0,110.0,77.0,2361.0,573.0,4450.399627749999,0,0,0,0.0,1.0
26,dnsjava,org.xbill.DNS.TokenizerTest.test_getBase64,35.0,3.0,0.08571428571428572,4.0,0.0,2,0.0,0,0.0,0.0,0.0,732.0,470.0,1.0,3.0,133.0,110.0,77.0,2361.0,573.0,4450.399627749999,0,0,0,0.0,1.0
26,dnsjava,org.xbill.DNS.TokenizerTest.test_getHex,35.0,3.0,0.08571428571428572,4.0,0.0,2,0.0,0,0.0,0.0,0.0,732.0,470.0,1.0,3.0,133.0,110.0,77.0,2361.0,573.0,4450.399627749999,0,0,0,0.0,1.0
26,dnsjava,org.xbill.DNS.TSIGTest.test_TSIG_query,13.0,3.0,0.15384615384615385,3.0,0.0,5,0.0,0,1.0,0.0,0.0,661.0,44.0,1.0,6.0,68.0,107.0,87.0,3644.0,585.0,4797.489796152212,0,0,0,0.0,0.0
26,dnsjava,org.xbill.DNS.TSIGTest.test_TSIG_response,20.0,3.0,0.05,2.0,0.0,5,0.0,0,1.0,0.0,0.0,661.0,44.0,1.0,6.0,68.0,107.0,87.0,3644.0,585.0,4797.489796152212,0,0,0,0.0,0.0
26,dnsjava,org.xbill.DNS.TSIGTest.test_TSIG_truncated,23.0,4.0,0.08695652173913043,3.0,0.0,5,0.0,0,2.0,0.0,0.0,661.0,44.0,1.0,6.0,68.0,107.0,87.0,3644.0,585.0,4797.489796152212,0,0,0,0.0,0.0
26,dnsjava,org.xbill.DNS.TTLTest.test_parseTTL,19.0,1.0,0.8421052631578947,0.0,0.0,1,0.0,0,0.0,0.0,0.0,113.0,8.0,0.0,0.0,22.0,14.0,9.0,483.0,205.0,1266.9034139987773,0,0,0,0.0,0.0
26,dnsjava,org.xbill.DNS.TTLTest.test_parseTTL_invalid,38.0,3.0,0.0,0.0,0.0,1,0.0,0,0.0,0.0,0.0,113.0,8.0,0.0,0.0,22.0,14.0,9.0,483.0,205.0,1266.9034139987773,0,0,0,0.0,0.0
26,dnsjava,org.xbill.DNS.TTLTest.test_format,18.0,2.0,0.8333333333333334,0.0,0.0,1,0.0,0,17.0,0.0,0.0,113.0,8.0,0.0,0.0,22.0,14.0,9.0,483.0,205.0,1266.9034139987773,0,0,0,0.0,0.0
26,dnsjava,org.xbill.DNS.TTLTest.test_format_invalid,14.0,4.0,0.0,0.0,0.0,1,0.0,0,3.0,0.0,0.0,113.0,8.0,0.0,0.0,22.0,14.0,9.0,483.0,205.0,1266.9034139987773,0,0,0,0.0,0.0
26,dnsjava,org.xbill.DNS.TypeBitmapTest.test_empty,4.0,1.0,0.0,0.0,0.0,1,1.0,0,0.0,0.0,0.0,147.0,0.0,6.0,2.0,30.0,52.0,42.0,743.0,168.0,1110.5969355125835,0,0,0,0.0,0.0
26,dnsjava,org.xbill.DNS.TypeBitmapTest.test_typeA,4.0,1.0,0.0,0.0,0.0,1,1.0,0,0.0,0.0,0.0,147.0,0.0,6.0,2.0,30.0,52.0,42.0,743.0,168.0,1110.5969355125835,0,0,0,0.0,0.0
26,dnsjava,org.xbill.DNS.TypeBitmapTest.test_typeNSandSOA,4.0,1.0,0.0,0.0,0.0,1,1.0,0,0.0,0.0,0.0,147.0,0.0,6.0,2.0,30.0,52.0,42.0,743.0,168.0,1110.5969355125835,0,0,0,0.0,0.0
26,dnsjava,org.xbill.DNS.TypeTest.test_string,10.0,3.0,0.1,0.0,0.0,1,0.0,0,0.0,0.0,0.0,379.0,15.0,0.0,1.0,19.0,11.0,4.0,1727.0,465.0,3466.1756013382055,64,0,0,0.0,0.0
26,dnsjava,org.xbill.DNS.TypeTest.test_value,6.0,1.0,0.5,0.0,0.0,2,0.0,0,0.0,0.0,0.0,379.0,15.0,0.0,1.0,19.0,11.0,4.0,1727.0,465.0,3466.1756013382055,64,0,0,0.0,0.0
26,dnsjava,org.xbill.DNS.TypeTest.test_value_2arg,3.0,1.0,0.0,0.0,0.0,2,0.0,0,0.0,0.0,0.0,379.0,15.0,0.0,1.0,19.0,11.0,4.0,1727.0,465.0,3466.1756013382055,64,0,0,0.0,0.0
26,dnsjava,org.xbill.DNS.TypeTest.test_isRR,4.0,1.0,0.25,2.0,0.0,1,0.0,0,0.0,0.0,0.0,379.0,15.0,0.0,1.0,19.0,11.0,4.0,1727.0,465.0,3466.1756013382055,64,0,0,0.0,0.0
26,dnsjava,org.xbill.DNS.U16NameBaseTest.assertEquals,3.0,1.0,0.3333333333333333,1.0,0.0,0,0.0,0,0.0,0.0,0.0,75.0,0.0,2.0,1.0,14.0,18.0,9.0,230.0,96.0,522.0556136566267,0,0,0,0.0,0.0
26,dnsjava,org.xbill.DNS.U16NameBaseTest.test_ctor_0arg,9.0,1.0,0.5555555555555556,6.0,0.0,2,0.0,0,0.0,0.0,0.0,75.0,0.0,2.0,1.0,14.0,18.0,9.0,230.0,96.0,522.0556136566267,0,0,0,0.0,0.0
26,dnsjava,org.xbill.DNS.U16NameBaseTest.test_ctor_4arg,10.0,2.0,0.5,6.0,0.0,2,0.0,0,0.0,0.0,0.0,75.0,0.0,2.0,1.0,14.0,18.0,9.0,230.0,96.0,522.0556136566267,0,0,0,0.0,0.0
26,dnsjava,org.xbill.DNS.U16NameBaseTest.test_ctor_8arg,24.0,3.0,0.20833333333333334,6.0,0.0,2,0.0,0,0.0,0.0,0.0,75.0,0.0,2.0,1.0,14.0,18.0,9.0,230.0,96.0,522.0556136566267,0,0,0,0.0,0.0
26,dnsjava,org.xbill.DNS.U16NameBaseTest.test_rrFromWire,9.0,2.0,0.1111111111111111,2.0,0.0,3,0.0,0,0.0,0.0,0.0,75.0,0.0,2.0,1.0,14.0,18.0,9.0,230.0,96.0,522.0556136566267,0,0,0,0.0,0.0
26,dnsjava,org.xbill.DNS.U16NameBaseTest.test_rdataFromString,16.0,3.0,0.0625,2.0,0.0,3,0.0,0,0.0,0.0,0.0,75.0,0.0,2.0,1.0,14.0,18.0,9.0,230.0,96.0,522.0556136566267,0,0,0,0.0,0.0
26,dnsjava,org.xbill.DNS.U16NameBaseTest.test_rrToString,8.0,2.0,0.0,1.0,0.0,1,0.0,0,0.0,0.0,0.0,75.0,0.0,2.0,1.0,14.0,18.0,9.0,230.0,96.0,522.0556136566267,0,0,0,0.0,0.0
26,dnsjava,org.xbill.DNS.U16NameBaseTest.test_rrToWire,15.0,2.0,0.06666666666666667,2.0,0.0,1,0.0,0,0.0,0.0,0.0,75.0,0.0,2.0,1.0,14.0,18.0,9.0,230.0,96.0,522.0556136566267,0,0,0,0.0,0.0
26,dnsjava,org.xbill.DNS.URIRecordTest.test_ctor_0arg,10.0,1.0,0.6,6.0,0.0,3,0.0,0,0.0,0.0,0.0,108.0,0.0,3.0,1.0,20.0,26.0,16.0,393.0,140.0,836.3333456616965,0,0,0,0.0,0.0
26,dnsjava,org.xbill.DNS.URIRecordTest.test_getObject,5.0,1.0,0.0,1.0,0.0,1,0.0,0,0.0,0.0,0.0,108.0,0.0,3.0,1.0,20.0,26.0,16.0,393.0,140.0,836.3333456616965,0,0,0,0.0,0.0
26,dnsjava,org.xbill.DNS.URIRecordTest.test_ctor_6arg,12.0,2.0,0.5,7.0,0.0,3,0.0,0,0.0,0.0,0.0,108.0,0.0,3.0,1.0,20.0,26.0,16.0,393.0,140.0,836.3333456616965,0,0,0,0.0,0.0
26,dnsjava,org.xbill.DNS.URIRecordTest.test_rdataFromString,8.0,2.0,0.25,2.0,0.0,4,0.0,0,0.0,0.0,0.0,108.0,0.0,3.0,1.0,20.0,26.0,16.0,393.0,140.0,836.3333456616965,0,0,0,0.0,0.0
26,dnsjava,org.xbill.DNS.URIRecordTest.test_rdataToWire,9.0,2.0,0.0,1.0,0.0,1,0.0,0,0.0,0.0,0.0,108.0,0.0,3.0,1.0,20.0,26.0,16.0,393.0,140.0,836.3333456616965,0,0,0,0.0,0.0
26,dnsjava,org.xbill.DNS.URIRecordTest.test_rrFromWire,9.0,2.0,0.2222222222222222,2.0,0.0,4,0.0,0,0.0,0.0,0.0,108.0,0.0,3.0,1.0,20.0,26.0,16.0,393.0,140.0,836.3333456616965,0,0,0,0.0,0.0
26,dnsjava,org.xbill.DNS.URIRecordTest.test_toobig_priority,8.0,3.0,0.0,0.0,0.0,0,0.0,0,0.0,0.0,0.0,108.0,0.0,3.0,1.0,20.0,26.0,16.0,393.0,140.0,836.3333456616965,0,0,0,0.0,0.0
26,dnsjava,org.xbill.DNS.URIRecordTest.test_toosmall_priority,8.0,3.0,0.0,0.0,0.0,0,0.0,0,0.0,0.0,0.0,108.0,0.0,3.0,1.0,20.0,26.0,16.0,393.0,140.0,836.3333456616965,0,0,0,0.0,0.0
26,dnsjava,org.xbill.DNS.URIRecordTest.test_toobig_weight,8.0,3.0,0.0,0.0,0.0,0,0.0,0,0.0,0.0,0.0,108.0,0.0,3.0,1.0,20.0,26.0,16.0,393.0,140.0,836.3333456616965,0,0,0,0.0,0.0
26,dnsjava,org.xbill.DNS.URIRecordTest.test_toosmall_weight,8.0,3.0,0.0,0.0,0.0,0,0.0,0,0.0,0.0,0.0,108.0,0.0,3.0,1.0,20.0,26.0,16.0,393.0,140.0,836.3333456616965,0,0,0,0.0,0.0
26,dnsjava,org.xbill.DNS.utils.base16Test.base16Test,3.0,1.0,0.0,0.0,0.0,0,0.0,0,0.0,0.0,0.0,73.0,1.0,0.0,1.0,9.0,14.0,11.0,347.0,123.0,719.4669479334636,0,0,0,0.0,0.0
26,dnsjava,org.xbill.DNS.utils.base16Test.test_toString_emptyArray,4.0,1.0,0.0,0.0,0.0,1,0.0,0,0.0,0.0,0.0,73.0,1.0,0.0,1.0,9.0,14.0,11.0,347.0,123.0,719.4669479334636,0,0,0,0.0,0.0
26,dnsjava,org.xbill.DNS.utils.base16Test.test_toString_singleByte1,5.0,1.0,0.0,0.0,0.0,1,0.0,0,0.0,0.0,0.0,73.0,1.0,0.0,1.0,9.0,14.0,11.0,347.0,123.0,719.4669479334636,0,0,0,0.0,0.0
26,dnsjava,org.xbill.DNS.utils.base16Test.test_toString_singleByte2,5.0,1.0,0.0,0.0,0.0,1,0.0,0,0.0,0.0,0.0,73.0,1.0,0.0,1.0,9.0,14.0,11.0,347.0,123.0,719.4669479334636,0,0,0,0.0,0.0
26,dnsjava,org.xbill.DNS.utils.base16Test.test_toString_singleByte3,5.0,1.0,0.0,0.0,0.0,1,0.0,0,0.0,0.0,0.0,73.0,1.0,0.0,1.0,9.0,14.0,11.0,347.0,123.0,719.4669479334636,0,0,0,0.0,0.0
26,dnsjava,org.xbill.DNS.utils.base16Test.test_toString_array1,5.0,1.0,0.0,0.0,0.0,1,0.0,0,0.0,0.0,0.0,73.0,1.0,0.0,1.0,9.0,14.0,11.0,347.0,123.0,719.4669479334636,0,0,0,0.0,0.0
26,dnsjava,org.xbill.DNS.utils.base16Test.test_fromString_emptyString,5.0,1.0,0.0,1.0,0.0,1,0.0,0,0.0,0.0,0.0,73.0,1.0,0.0,1.0,9.0,14.0,11.0,347.0,123.0,719.4669479334636,0,0,0,0.0,0.0
26,dnsjava,org.xbill.DNS.utils.base16Test.test_fromString_invalidStringLength,5.0,1.0,0.0,1.0,0.0,1,0.0,0,0.0,0.0,0.0,73.0,1.0,0.0,1.0,9.0,14.0,11.0,347.0,123.0,719.4669479334636,0,0,0,0.0,0.0
26,dnsjava,org.xbill.DNS.utils.base16Test.test_fromString_nonHexChars,4.0,1.0,0.0,0.0,0.0,0,0.0,0,0.0,0.0,0.0,73.0,1.0,0.0,1.0,9.0,14.0,11.0,347.0,123.0,719.4669479334636,0,0,0,0.0,0.0
26,dnsjava,org.xbill.DNS.utils.base16Test.test_fromString_normal,9.0,2.0,0.1111111111111111,2.0,0.0,1,0.0,0,1.0,0.0,0.0,73.0,1.0,0.0,1.0,9.0,14.0,11.0,347.0,123.0,719.4669479334636,0,0,0,0.0,0.0
26,dnsjava,org.xbill.DNS.utils.base64Test.base64Test,3.0,1.0,0.0,0.0,0.0,0,0.0,0,0.0,0.0,0.0,145.0,4.0,0.0,1.0,17.0,18.0,14.0,930.0,203.0,1387.542470987902,0,0,0,0.0,0.0
26,dnsjava,org.xbill.DNS.utils.base64Test.test_toString_empty,5.0,1.0,0.0,0.0,0.0,1,0.0,0,0.0,0.0,0.0,145.0,4.0,0.0,1.0,17.0,18.0,14.0,930.0,203.0,1387.542470987902,0,0,0,0.0,0.0
26,dnsjava,org.xbill.DNS.utils.base64Test.test_toString_basic1,5.0,1.0,0.0,0.0,0.0,1,0.0,0,0.0,0.0,0.0,145.0,4.0,0.0,1.0,17.0,18.0,14.0,930.0,203.0,1387.542470987902,0,0,0,0.0,0.0
26,dnsjava,org.xbill.DNS.utils.base64Test.test_toString_basic2,5.0,1.0,0.0,0.0,0.0,1,0.0,0,0.0,0.0,0.0,145.0,4.0,0.0,1.0,17.0,18.0,14.0,930.0,203.0,1387.542470987902,0,0,0,0.0,0.0
26,dnsjava,org.xbill.DNS.utils.base64Test.test_toString_basic3,5.0,1.0,0.0,0.0,0.0,1,0.0,0,0.0,0.0,0.0,145.0,4.0,0.0,1.0,17.0,18.0,14.0,930.0,203.0,1387.542470987902,0,0,0,0.0,0.0
26,dnsjava,org.xbill.DNS.utils.base64Test.test_toString_basic4,5.0,1.0,0.0,0.0,0.0,1,0.0,0,0.0,0.0,0.0,145.0,4.0,0.0,1.0,17.0,18.0,14.0,930.0,203.0,1387.542470987902,0,0,0,0.0,0.0
26,dnsjava,org.xbill.DNS.utils.base64Test.test_toString_basic5,5.0,1.0,0.0,0.0,0.0,1,0.0,0,0.0,0.0,0.0,145.0,4.0,0.0,1.0,17.0,18.0,14.0,930.0,203.0,1387.542470987902,0,0,0,0.0,0.0
26,dnsjava,org.xbill.DNS.utils.base64Test.test_toString_basic6,5.0,1.0,0.0,0.0,0.0,1,0.0,0,0.0,0.0,0.0,145.0,4.0,0.0,1.0,17.0,18.0,14.0,930.0,203.0,1387.542470987902,0,0,0,0.0,0.0
26,dnsjava,org.xbill.DNS.utils.base64Test.test_formatString_empty1,4.0,2.0,0.0,0.0,0.0,1,0.0,0,2.0,0.0,0.0,145.0,4.0,0.0,1.0,17.0,18.0,14.0,930.0,203.0,1387.542470987902,0,0,0,0.0,0.0
26,dnsjava,org.xbill.DNS.utils.base64Test.test_formatString_shorter,5.0,2.0,0.0,0.0,0.0,1,0.0,0,2.0,0.0,0.0,145.0,4.0,0.0,1.0,17.0,18.0,14.0,930.0,203.0,1387.542470987902,0,0,0,0.0,0.0
26,dnsjava,org.xbill.DNS.utils.base64Test.test_formatString_sameLength,5.0,2.0,0.0,0.0,0.0,1,0.0,0,2.0,0.0,0.0,145.0,4.0,0.0,1.0,17.0,18.0,14.0,930.0,203.0,1387.542470987902,0,0,0,0.0,0.0
26,dnsjava,org.xbill.DNS.utils.base64Test.test_formatString_oneBreak,5.0,2.0,0.0,0.0,0.0,1,0.0,0,2.0,0.0,0.0,145.0,4.0,0.0,1.0,17.0,18.0,14.0,930.0,203.0,1387.542470987902,0,0,0,0.0,0.0
26,dnsjava,org.xbill.DNS.utils.base64Test.test_formatString_twoBreaks1,5.0,2.0,0.0,0.0,0.0,1,0.0,0,2.0,0.0,0.0,145.0,4.0,0.0,1.0,17.0,18.0,14.0,930.0,203.0,1387.542470987902,0,0,0,0.0,0.0
26,dnsjava,org.xbill.DNS.utils.base64Test.test_formatString_twoBreaks2,5.0,2.0,0.0,0.0,0.0,1,0.0,0,2.0,0.0,0.0,145.0,4.0,0.0,1.0,17.0,18.0,14.0,930.0,203.0,1387.542470987902,0,0,0,0.0,0.0
26,dnsjava,org.xbill.DNS.utils.base64Test.test_formatString_shorterWithPrefix,5.0,2.0,0.0,0.0,0.0,1,0.0,0,2.0,0.0,0.0,145.0,4.0,0.0,1.0,17.0,18.0,14.0,930.0,203.0,1387.542470987902,0,0,0,0.0,0.0
26,dnsjava,org.xbill.DNS.utils.base64Test.test_formatString_sameLengthWithPrefix,5.0,2.0,0.0,0.0,0.0,1,0.0,0,2.0,0.0,0.0,145.0,4.0,0.0,1.0,17.0,18.0,14.0,930.0,203.0,1387.542470987902,0,0,0,0.0,0.0
26,dnsjava,org.xbill.DNS.utils.base64Test.test_formatString_oneBreakWithPrefix,5.0,2.0,0.0,0.0,0.0,1,0.0,0,2.0,0.0,0.0,145.0,4.0,0.0,1.0,17.0,18.0,14.0,930.0,203.0,1387.542470987902,0,0,0,0.0,0.0
26,dnsjava,org.xbill.DNS.utils.base64Test.test_formatString_twoBreaks1WithPrefix,5.0,2.0,0.0,0.0,0.0,1,0.0,0,2.0,0.0,0.0,145.0,4.0,0.0,1.0,17.0,18.0,14.0,930.0,203.0,1387.542470987902,0,0,0,0.0,0.0
26,dnsjava,org.xbill.DNS.utils.base64Test.test_formatString_twoBreaks2WithPrefix,5.0,2.0,0.0,0.0,0.0,1,0.0,0,2.0,0.0,0.0,145.0,4.0,0.0,1.0,17.0,18.0,14.0,930.0,203.0,1387.542470987902,0,0,0,0.0,0.0
26,dnsjava,org.xbill.DNS.utils.base64Test.test_formatString_shorterWithPrefixAndClose,5.0,2.0,0.0,0.0,0.0,1,0.0,0,2.0,0.0,0.0,145.0,4.0,0.0,1.0,17.0,18.0,14.0,930.0,203.0,1387.542470987902,0,0,0,0.0,0.0
26,dnsjava,org.xbill.DNS.utils.base64Test.test_formatString_sameLengthWithPrefixAndClose,5.0,2.0,0.0,0.0,0.0,1,0.0,0,2.0,0.0,0.0,145.0,4.0,0.0,1.0,17.0,18.0,14.0,930.0,203.0,1387.542470987902,0,0,0,0.0,0.0
26,dnsjava,org.xbill.DNS.utils.base64Test.test_formatString_oneBreakWithPrefixAndClose,5.0,2.0,0.0,0.0,0.0,1,0.0,0,2.0,0.0,0.0,145.0,4.0,0.0,1.0,17.0,18.0,14.0,930.0,203.0,1387.542470987902,0,0,0,0.0,0.0
26,dnsjava,org.xbill.DNS.utils.base64Test.test_formatString_twoBreaks1WithPrefixAndClose,5.0,2.0,0.0,0.0,0.0,1,0.0,0,2.0,0.0,0.0,145.0,4.0,0.0,1.0,17.0,18.0,14.0,930.0,203.0,1387.542470987902,0,0,0,0.0,0.0
26,dnsjava,org.xbill.DNS.utils.base64Test.test_formatString_twoBreaks2WithPrefixAndClose,5.0,2.0,0.0,0.0,0.0,1,0.0,0,2.0,0.0,0.0,145.0,4.0,0.0,1.0,17.0,18.0,14.0,930.0,203.0,1387.542470987902,0,0,0,0.0,0.0
26,dnsjava,org.xbill.DNS.utils.base64Test.assertEquals,6.0,2.0,0.3333333333333333,0.0,0.0,0,0.0,0,1.0,0.0,0.0,145.0,4.0,0.0,1.0,17.0,18.0,14.0,930.0,203.0,1387.542470987902,0,0,0,0.0,0.0
26,dnsjava,org.xbill.DNS.utils.base64Test.test_fromString_empty1,5.0,1.0,0.0,1.0,0.0,1,0.0,0,0.0,0.0,0.0,145.0,4.0,0.0,1.0,17.0,18.0,14.0,930.0,203.0,1387.542470987902,0,0,0,0.0,0.0
26,dnsjava,org.xbill.DNS.utils.base64Test.test_fromString_basic1,5.0,1.0,0.0,1.0,0.0,1,0.0,0,0.0,0.0,0.0,145.0,4.0,0.0,1.0,17.0,18.0,14.0,930.0,203.0,1387.542470987902,0,0,0,0.0,0.0
26,dnsjava,org.xbill.DNS.utils.base64Test.test_fromString_basic2,5.0,1.0,0.0,1.0,0.0,1,0.0,0,0.0,0.0,0.0,145.0,4.0,0.0,1.0,17.0,18.0,14.0,930.0,203.0,1387.542470987902,0,0,0,0.0,0.0
26,dnsjava,org.xbill.DNS.utils.base64Test.test_fromString_basic3,5.0,1.0,0.0,1.0,0.0,1,0.0,0,0.0,0.0,0.0,145.0,4.0,0.0,1.0,17.0,18.0,14.0,930.0,203.0,1387.542470987902,0,0,0,0.0,0.0
26,dnsjava,org.xbill.DNS.utils.base64Test.test_fromString_basic4,5.0,1.0,0.0,1.0,0.0,1,0.0,0,0.0,0.0,0.0,145.0,4.0,0.0,1.0,17.0,18.0,14.0,930.0,203.0,1387.542470987902,0,0,0,0.0,0.0
26,dnsjava,org.xbill.DNS.utils.base64Test.test_fromString_basic5,5.0,1.0,0.0,1.0,0.0,1,0.0,0,0.0,0.0,0.0,145.0,4.0,0.0,1.0,17.0,18.0,14.0,930.0,203.0,1387.542470987902,0,0,0,0.0,0.0
26,dnsjava,org.xbill.DNS.utils.base64Test.test_fromString_basic6,5.0,1.0,0.0,1.0,0.0,1,0.0,0,0.0,0.0,0.0,145.0,4.0,0.0,1.0,17.0,18.0,14.0,930.0,203.0,1387.542470987902,0,0,0,0.0,0.0
26,dnsjava,org.xbill.DNS.utils.base64Test.test_fromString_invalid1,4.0,1.0,0.0,1.0,0.0,1,0.0,0,0.0,0.0,0.0,145.0,4.0,0.0,1.0,17.0,18.0,14.0,930.0,203.0,1387.542470987902,0,0,0,0.0,0.0
26,dnsjava,org.xbill.DNS.utils.base64Test.test_fromString_invalid2,4.0,1.0,0.0,1.0,0.0,1,0.0,0,0.0,0.0,0.0,145.0,4.0,0.0,1.0,17.0,18.0,14.0,930.0,203.0,1387.542470987902,0,0,0,0.0,0.0
26,dnsjava,org.xbill.DNS.utils.base64Test.test_fromString_invalid3,4.0,1.0,0.0,1.0,0.0,1,0.0,0,0.0,0.0,0.0,145.0,4.0,0.0,1.0,17.0,18.0,14.0,930.0,203.0,1387.542470987902,0,0,0,0.0,0.0
26,dnsjava,org.xbill.DNS.utils.base64Test.test_fromString_invalid4,4.0,1.0,0.0,1.0,0.0,1,0.0,0,0.0,0.0,0.0,145.0,4.0,0.0,1.0,17.0,18.0,14.0,930.0,203.0,1387.542470987902,0,0,0,0.0,0.0
26,dnsjava,org.xbill.DNS.utils.base64Test.test_fromString_invalid5,4.0,1.0,0.0,1.0,0.0,1,0.0,0,0.0,0.0,0.0,145.0,4.0,0.0,1.0,17.0,18.0,14.0,930.0,203.0,1387.542470987902,0,0,0,0.0,0.0
26,dnsjava,org.xbill.DNS.utils.hexdumpTest.hexdumpTest,3.0,1.0,0.0,0.0,0.0,0,0.0,0,0.0,0.0,0.0,56.0,1.0,0.0,0.0,7.0,6.0,4.0,288.0,119.0,673.8922971361776,0,0,2,0.0,0.0
26,dnsjava,org.xbill.DNS.utils.hexdumpTest.test_shortform,7.0,2.0,0.0,1.0,0.0,2,0.0,0,1.0,0.0,0.0,56.0,1.0,0.0,0.0,7.0,6.0,4.0,288.0,119.0,673.8922971361776,0,0,2,0.0,0.0
26,dnsjava,org.xbill.DNS.utils.hexdumpTest.test_0,5.0,1.0,0.0,0.0,0.0,2,0.0,0,0.0,0.0,0.0,56.0,1.0,0.0,0.0,7.0,6.0,4.0,288.0,119.0,673.8922971361776,0,0,2,0.0,0.0
26,dnsjava,org.xbill.DNS.utils.hexdumpTest.test_1,5.0,1.0,0.0,0.0,0.0,2,0.0,0,0.0,0.0,0.0,56.0,1.0,0.0,0.0,7.0,6.0,4.0,288.0,119.0,673.8922971361776,0,0,2,0.0,0.0
26,dnsjava,org.xbill.DNS.utils.hexdumpTest.test_2,5.0,1.0,0.0,0.0,0.0,2,0.0,0,0.0,0.0,0.0,56.0,1.0,0.0,0.0,7.0,6.0,4.0,288.0,119.0,673.8922971361776,0,0,2,0.0,0.0
26,dnsjava,org.xbill.DNS.utils.hexdumpTest.test_3,5.0,1.0,0.0,0.0,0.0,2,0.0,0,0.0,0.0,0.0,56.0,1.0,0.0,0.0,7.0,6.0,4.0,288.0,119.0,673.8922971361776,0,0,2,0.0,0.0
26,dnsjava,org.xbill.DNS.utils.hexdumpTest.test_4,5.0,1.0,0.0,0.0,0.0,2,0.0,0,0.0,0.0,0.0,56.0,1.0,0.0,0.0,7.0,6.0,4.0,288.0,119.0,673.8922971361776,0,0,2,0.0,0.0
26,dnsjava,org.xbill.DNS.utils.hexdumpTest.test_5,5.0,1.0,0.0,0.0,0.0,2,0.0,0,0.0,0.0,0.0,56.0,1.0,0.0,0.0,7.0,6.0,4.0,288.0,119.0,673.8922971361776,0,0,2,0.0,0.0
26,dnsjava,org.xbill.DNS.utils.hexdumpTest.test_6,5.0,1.0,0.0,0.0,0.0,2,0.0,0,0.0,0.0,0.0,56.0,1.0,0.0,0.0,7.0,6.0,4.0,288.0,119.0,673.8922971361776,0,0,2,0.0,0.0
26,dnsjava,org.xbill.DNS.utils.hexdumpTest.test_7,5.0,1.0,0.0,0.0,0.0,2,0.0,0,0.0,0.0,0.0,56.0,1.0,0.0,0.0,7.0,6.0,4.0,288.0,119.0,673.8922971361776,0,0,2,0.0,0.0
26,dnsjava,org.xbill.DNS.utils.hexdumpTest.test_8,5.0,1.0,0.0,0.0,0.0,2,0.0,0,0.0,0.0,0.0,56.0,1.0,0.0,0.0,7.0,6.0,4.0,288.0,119.0,673.8922971361776,0,0,2,0.0,0.0
26,dnsjava,org.xbill.DNS.utils.hexdumpTest.test_9,5.0,1.0,0.0,0.0,0.0,2,0.0,0,0.0,0.0,0.0,56.0,1.0,0.0,0.0,7.0,6.0,4.0,288.0,119.0,673.8922971361776,0,0,2,0.0,0.0
26,dnsjava,org.xbill.DNS.utils.hexdumpTest.test_10,5.0,1.0,0.0,0.0,0.0,2,0.0,0,0.0,0.0,0.0,56.0,1.0,0.0,0.0,7.0,6.0,4.0,288.0,119.0,673.8922971361776,0,0,2,0.0,0.0
26,dnsjava,org.xbill.DNS.utils.hexdumpTest.test_11,5.0,1.0,0.0,0.0,0.0,2,0.0,0,0.0,0.0,0.0,56.0,1.0,0.0,0.0,7.0,6.0,4.0,288.0,119.0,673.8922971361776,0,0,2,0.0,0.0
26,dnsjava,org.xbill.DNS.utils.hexdumpTest.test_12,5.0,1.0,0.0,0.0,0.0,2,0.0,0,0.0,0.0,0.0,56.0,1.0,0.0,0.0,7.0,6.0,4.0,288.0,119.0,673.8922971361776,0,0,2,0.0,0.0
26,dnsjava,org.xbill.DNS.utils.hexdumpTest.test_13,5.0,1.0,0.0,0.0,0.0,2,0.0,0,0.0,0.0,0.0,56.0,1.0,0.0,0.0,7.0,6.0,4.0,288.0,119.0,673.8922971361776,0,0,2,0.0,0.0
26,dnsjava,org.xbill.DNS.utils.hexdumpTest.test_14,5.0,1.0,0.0,0.0,0.0,2,0.0,0,0.0,0.0,0.0,56.0,1.0,0.0,0.0,7.0,6.0,4.0,288.0,119.0,673.8922971361776,0,0,2,0.0,0.0
26,dnsjava,org.xbill.DNS.utils.hexdumpTest.test_15,5.0,1.0,0.0,0.0,0.0,2,0.0,0,0.0,0.0,0.0,56.0,1.0,0.0,0.0,7.0,6.0,4.0,288.0,119.0,673.8922971361776,0,0,2,0.0,0.0
26,dnsjava,org.xbill.DNS.utils.hexdumpTest.test_default_constructor,3.0,1.0,0.0,0.0,0.0,0,0.0,0,0.0,0.0,0.0,56.0,1.0,0.0,0.0,7.0,6.0,4.0,288.0,119.0,673.8922971361776,0,0,2,0.0,0.0
