idProject,nameProject,testCase,tloc,tmcCabe,assertionDensity,assertionRoulette,mysteryGuest,eagerTest,sensitiveEquality,resourceOptimism,conditionalTestLogic,fireAndForget,testRunWar,loc,lcom2,lcom5,cbo,wmc,rfc,mpc,halsteadVocabulary,halsteadLength,halsteadVolume,classDataShouldBePrivate,complexClass,functionalDecomposition,godClass,spaghettiCode
10,feign,feign.AlwaysEncodeBodyContractTest.alwaysEncodeBodyTrueTest,12.0,1.0,0.4166666666666667,0.0,0.0,0,0.0,0,0.0,0.0,0.0,31.0,0.0,0.0,0.0,0.0,0.0,0.0,134.0,95.0,465.29478099533657,0,0,0,0.0,0.0
10,feign,feign.AsyncFeignTest.iterableQueryParams,6.0,2.0,0.0,0.0,0.0,0,0.0,0,0.0,0.0,0.0,349.0,0.0,0.0,11.0,2.0,1.0,0.0,183.0,121.0,630.347824493812,0,0,1,0.0,0.0
10,feign,feign.AsyncFeignTest.postTemplateParamsResolve,6.0,2.0,0.0,0.0,0.0,0,0.0,0,0.0,0.0,0.0,349.0,0.0,0.0,11.0,2.0,1.0,0.0,183.0,121.0,630.347824493812,0,0,1,0.0,0.0
10,feign,feign.AsyncFeignTest.postFormParams,7.0,3.0,0.0,0.0,0.0,0,0.0,0,1.0,0.0,0.0,349.0,0.0,0.0,11.0,2.0,1.0,0.0,183.0,121.0,630.347824493812,0,0,1,0.0,0.0
10,feign,feign.AsyncFeignTest.postBodyParam,7.0,2.0,0.0,0.0,0.0,0,0.0,0,0.0,0.0,0.0,349.0,0.0,0.0,11.0,2.0,1.0,0.0,183.0,121.0,630.347824493812,0,0,1,0.0,0.0
10,feign,feign.AsyncFeignTest.bodyTypeCorrespondsWithParameterType,20.0,2.0,0.0,1.0,0.0,0,0.0,0,0.0,0.0,0.0,349.0,0.0,0.0,11.0,2.0,1.0,0.0,183.0,121.0,630.347824493812,0,0,1,0.0,0.0
10,feign,feign.AsyncFeignTest.encode,3.0,1.0,0.0,0.0,0.0,0,0.0,0,0.0,0.0,0.0,349.0,0.0,0.0,11.0,2.0,1.0,0.0,183.0,121.0,630.347824493812,0,0,1,0.0,0.0
10,feign,feign.AsyncFeignTest.postGZIPEncodedBodyParam,7.0,2.0,0.0,0.0,0.0,0,0.0,0,0.0,0.0,0.0,349.0,0.0,0.0,11.0,2.0,1.0,0.0,183.0,121.0,630.347824493812,0,0,1,0.0,0.0
10,feign,feign.AsyncFeignTest.postDeflateEncodedBodyParam,7.0,2.0,0.0,0.0,0.0,0,0.0,0,0.0,0.0,0.0,349.0,0.0,0.0,11.0,2.0,1.0,0.0,183.0,121.0,630.347824493812,0,0,1,0.0,0.0
10,feign,feign.AsyncFeignTest.singleInterceptor,7.0,2.0,0.0,0.0,0.0,0,0.0,0,0.0,0.0,0.0,349.0,0.0,0.0,11.0,2.0,1.0,0.0,183.0,121.0,630.347824493812,0,0,1,0.0,0.0
10,feign,feign.AsyncFeignTest.multipleInterceptor,7.0,2.0,0.0,0.0,0.0,0,0.0,0,0.0,0.0,0.0,349.0,0.0,0.0,11.0,2.0,1.0,0.0,183.0,121.0,630.347824493812,0,0,1,0.0,0.0
10,feign,feign.AsyncFeignTest.customExpander,7.0,2.0,0.0,0.0,0.0,0,0.0,0,0.0,0.0,0.0,349.0,0.0,0.0,11.0,2.0,1.0,0.0,183.0,121.0,630.347824493812,0,0,1,0.0,0.0
10,feign,feign.AsyncFeignTest.customExpanderListParam,7.0,2.0,0.0,0.0,0.0,0,0.0,0,0.0,0.0,0.0,349.0,0.0,0.0,11.0,2.0,1.0,0.0,183.0,121.0,630.347824493812,0,0,1,0.0,0.0
10,feign,feign.AsyncFeignTest.customExpanderNullParam,7.0,2.0,0.0,0.0,0.0,0,0.0,0,0.0,0.0,0.0,349.0,0.0,0.0,11.0,2.0,1.0,0.0,183.0,121.0,630.347824493812,0,0,1,0.0,0.0
10,feign,feign.AsyncFeignTest.headerMap,10.0,2.0,0.0,0.0,0.0,0,0.0,0,0.0,0.0,0.0,349.0,0.0,0.0,11.0,2.0,1.0,0.0,183.0,121.0,630.347824493812,0,0,1,0.0,0.0
10,feign,feign.AsyncFeignTest.headerMapWithHeaderAnnotations,13.0,2.0,0.07692307692307693,0.0,0.0,0,0.0,0,0.0,0.0,0.0,349.0,0.0,0.0,11.0,2.0,1.0,0.0,183.0,121.0,630.347824493812,0,0,1,0.0,0.0
10,feign,feign.AsyncFeignTest.queryMap,10.0,2.0,0.0,0.0,0.0,0,0.0,0,0.0,0.0,0.0,349.0,0.0,0.0,11.0,2.0,1.0,0.0,183.0,121.0,630.347824493812,0,0,1,0.0,0.0
10,feign,feign.AsyncFeignTest.queryMapIterableValuesExpanded,12.0,2.0,0.0,0.0,0.0,0,0.0,0,0.0,0.0,0.0,349.0,0.0,0.0,11.0,2.0,1.0,0.0,183.0,121.0,630.347824493812,0,0,1,0.0,0.0
10,feign,feign.AsyncFeignTest.queryMapWithQueryParams,18.0,2.0,0.1111111111111111,0.0,0.0,0,0.0,0,0.0,0.0,0.0,349.0,0.0,0.0,11.0,2.0,1.0,0.0,183.0,121.0,630.347824493812,0,0,1,0.0,0.0
10,feign,feign.AsyncFeignTest.queryMapValueStartingWithBrace,23.0,2.0,0.13043478260869565,0.0,0.0,0,0.0,0,0.0,0.0,0.0,349.0,0.0,0.0,11.0,2.0,1.0,0.0,183.0,121.0,630.347824493812,0,0,1,0.0,0.0
10,feign,feign.AsyncFeignTest.queryMapPojoWithFullParams,8.0,2.0,0.0,0.0,0.0,0,0.0,0,0.0,0.0,0.0,349.0,0.0,0.0,11.0,2.0,1.0,0.0,183.0,121.0,630.347824493812,0,0,1,0.0,0.0
10,feign,feign.AsyncFeignTest.queryMapPojoWithPartialParams,8.0,2.0,0.0,0.0,0.0,0,0.0,0,0.0,0.0,0.0,349.0,0.0,0.0,11.0,2.0,1.0,0.0,183.0,121.0,630.347824493812,0,0,1,0.0,0.0
10,feign,feign.AsyncFeignTest.queryMapPojoWithEmptyParams,7.0,2.0,0.0,0.0,0.0,0,0.0,0,0.0,0.0,0.0,349.0,0.0,0.0,11.0,2.0,1.0,0.0,183.0,121.0,630.347824493812,0,0,1,0.0,0.0
10,feign,feign.AsyncFeignTest.configKeyFormatsAsExpected,4.0,2.0,0.25,0.0,0.0,0,0.0,0,0.0,0.0,0.0,349.0,0.0,0.0,11.0,2.0,1.0,0.0,183.0,121.0,630.347824493812,0,0,1,0.0,0.0
10,feign,feign.AsyncFeignTest.configKeyUsesChildType,3.0,2.0,0.0,0.0,0.0,0,0.0,0,0.0,0.0,0.0,349.0,0.0,0.0,11.0,2.0,1.0,0.0,183.0,121.0,630.347824493812,0,0,1,0.0,0.0
10,feign,feign.AsyncFeignTest.unwrap,8.0,4.0,0.0,0.0,0.0,0,0.0,0,0.0,0.0,0.0,349.0,0.0,0.0,11.0,2.0,1.0,0.0,183.0,121.0,630.347824493812,0,0,1,0.0,0.0
10,feign,feign.AsyncFeignTest.canOverrideErrorDecoder,7.0,2.0,0.0,0.0,0.0,0,0.0,0,0.0,0.0,0.0,349.0,0.0,0.0,11.0,2.0,1.0,0.0,183.0,121.0,630.347824493812,0,0,1,0.0,0.0
10,feign,feign.AsyncFeignTest.overrideTypeSpecificDecoder,10.0,4.0,0.0,0.0,0.0,0,0.0,0,1.0,0.0,0.0,349.0,0.0,0.0,11.0,2.0,1.0,0.0,183.0,121.0,630.347824493812,0,0,1,0.0,0.0
10,feign,feign.AsyncFeignTest.decode,3.0,2.0,0.0,0.0,0.0,0,0.0,0,0.0,0.0,0.0,349.0,0.0,0.0,11.0,2.0,1.0,0.0,183.0,121.0,630.347824493812,0,0,1,0.0,0.0
10,feign,feign.AsyncFeignTest.doesntRetryAfterResponseIsSent,14.0,2.0,0.0,0.0,0.0,0,0.0,0,0.0,0.0,0.0,349.0,0.0,0.0,11.0,2.0,1.0,0.0,183.0,121.0,630.347824493812,0,0,1,0.0,0.0
10,feign,feign.AsyncFeignTest.decode,3.0,2.0,0.0,0.0,0.0,0,0.0,0,0.0,0.0,0.0,349.0,0.0,0.0,11.0,2.0,1.0,0.0,183.0,121.0,630.347824493812,0,0,1,0.0,0.0
10,feign,feign.AsyncFeignTest.throwsFeignExceptionIncludingBody,2.0,2.0,0.0,0.0,0.0,0,0.0,0,0.0,0.0,0.0,349.0,0.0,0.0,11.0,2.0,1.0,0.0,183.0,121.0,630.347824493812,0,0,1,0.0,0.0
10,feign,feign.AsyncFeignTest.throwsFeignExceptionWithoutBody,2.0,2.0,0.0,0.0,0.0,0,0.0,0,0.0,0.0,0.0,349.0,0.0,0.0,11.0,2.0,1.0,0.0,183.0,121.0,630.347824493812,0,0,1,0.0,0.0
10,feign,feign.AsyncFeignTest.whenReturnTypeIsResponseNoErrorHandling,2.0,2.0,0.0,0.0,0.0,0,0.0,0,0.0,0.0,0.0,349.0,0.0,0.0,11.0,2.0,1.0,0.0,183.0,121.0,630.347824493812,0,0,1,0.0,0.0
10,feign,feign.AsyncFeignTest.okIfDecodeRootCauseHasNoMessage,11.0,2.0,0.0,0.0,0.0,0,0.0,0,0.0,0.0,0.0,349.0,0.0,0.0,11.0,2.0,1.0,0.0,183.0,121.0,630.347824493812,0,0,1,0.0,0.0
10,feign,feign.AsyncFeignTest.decode,3.0,2.0,0.0,0.0,0.0,0,0.0,0,0.0,0.0,0.0,349.0,0.0,0.0,11.0,2.0,1.0,0.0,183.0,121.0,630.347824493812,0,0,1,0.0,0.0
10,feign,feign.AsyncFeignTest.decodingExceptionGetWrappedInDecode404Mode,14.0,2.0,0.0,1.0,0.0,0,0.0,0,0.0,0.0,0.0,349.0,0.0,0.0,11.0,2.0,1.0,0.0,183.0,121.0,630.347824493812,0,0,1,0.0,0.0
10,feign,feign.AsyncFeignTest.decode,4.0,2.0,0.0,1.0,0.0,0,0.0,0,0.0,0.0,0.0,349.0,0.0,0.0,11.0,2.0,1.0,0.0,183.0,121.0,630.347824493812,0,0,1,0.0,0.0
10,feign,feign.AsyncFeignTest.decodingDoesNotSwallow404ErrorsInDecode404Mode,8.0,2.0,0.0,0.0,0.0,0,0.0,0,0.0,0.0,0.0,349.0,0.0,0.0,11.0,2.0,1.0,0.0,183.0,121.0,630.347824493812,0,0,1,0.0,0.0
10,feign,feign.AsyncFeignTest.okIfEncodeRootCauseHasNoMessage,11.0,2.0,0.0,0.0,0.0,0,0.0,0,0.0,0.0,0.0,349.0,0.0,0.0,11.0,2.0,1.0,0.0,183.0,121.0,630.347824493812,0,0,1,0.0,0.0
10,feign,feign.AsyncFeignTest.encode,3.0,2.0,0.0,0.0,0.0,0,0.0,0,0.0,0.0,0.0,349.0,0.0,0.0,11.0,2.0,1.0,0.0,183.0,121.0,630.347824493812,0,0,1,0.0,0.0
10,feign,feign.AsyncFeignTest.equalsHashCodeAndToStringWork,15.0,1.0,0.3333333333333333,6.0,0.0,1,2.0,0,0.0,0.0,0.0,349.0,0.0,0.0,11.0,2.0,1.0,0.0,183.0,121.0,630.347824493812,0,0,1,0.0,0.0
10,feign,feign.AsyncFeignTest.decodeLogicSupportsByteArray,6.0,2.0,0.0,1.0,0.0,1,0.0,0,0.0,0.0,0.0,349.0,0.0,0.0,11.0,2.0,1.0,0.0,183.0,121.0,630.347824493812,0,0,1,0.0,0.0
10,feign,feign.AsyncFeignTest.encodeLogicSupportsByteArray,8.0,2.0,0.0,1.0,0.0,1,0.0,0,0.0,0.0,0.0,349.0,0.0,0.0,11.0,2.0,1.0,0.0,183.0,121.0,630.347824493812,0,0,1,0.0,0.0
10,feign,feign.AsyncFeignTest.encodedQueryParam,7.0,2.0,0.0,0.0,0.0,0,0.0,0,0.0,0.0,0.0,349.0,0.0,0.0,11.0,2.0,1.0,0.0,183.0,121.0,630.347824493812,0,0,1,0.0,0.0
10,feign,feign.AsyncFeignTest.checkCFCompletedSoon,11.0,3.0,0.0,0.0,0.0,0,0.0,0,0.0,0.0,0.0,349.0,0.0,0.0,11.0,2.0,1.0,0.0,183.0,121.0,630.347824493812,0,0,1,0.0,0.0
10,feign,feign.AsyncFeignTest.responseMapperIsAppliedBeforeDelegate,5.0,3.0,0.0,0.0,0.0,0,0.0,0,1.0,0.0,0.0,349.0,0.0,0.0,11.0,2.0,1.0,0.0,183.0,121.0,630.347824493812,0,0,1,0.0,0.0
10,feign,feign.AsyncFeignTest.upperCaseResponseMapper,13.0,4.0,0.0,0.0,0.0,0,0.0,0,0.0,0.0,0.0,349.0,0.0,0.0,11.0,2.0,1.0,0.0,183.0,121.0,630.347824493812,0,0,1,0.0,0.0
10,feign,feign.AsyncFeignTest.map,8.0,4.0,0.0,0.0,0.0,0,0.0,0,0.0,0.0,0.0,349.0,0.0,0.0,11.0,2.0,1.0,0.0,183.0,121.0,630.347824493812,0,0,1,0.0,0.0
10,feign,feign.AsyncFeignTest.responseWithText,3.0,2.0,0.0,0.0,0.0,0,0.0,0,0.0,0.0,0.0,349.0,0.0,0.0,11.0,2.0,1.0,0.0,183.0,121.0,630.347824493812,0,0,1,0.0,0.0
10,feign,feign.AsyncFeignTest.mapAndDecodeExecutesMapFunction,5.0,2.0,0.0,0.0,0.0,1,0.0,0,0.0,0.0,0.0,349.0,0.0,0.0,11.0,2.0,1.0,0.0,183.0,121.0,630.347824493812,0,0,1,0.0,0.0
10,feign,feign.AsyncFeignTest.beanQueryMapEncoderWithPrivateGetterIgnored,11.0,2.0,0.0,0.0,0.0,0,0.0,0,0.0,0.0,0.0,349.0,0.0,0.0,11.0,2.0,1.0,0.0,183.0,121.0,630.347824493812,0,0,1,0.0,0.0
10,feign,feign.AsyncFeignTest.queryMap_with_child_pojo,11.0,2.0,0.0,0.0,0.0,0,0.0,0,0.0,0.0,0.0,349.0,0.0,0.0,11.0,2.0,1.0,0.0,183.0,121.0,630.347824493812,0,0,1,0.0,0.0
10,feign,feign.AsyncFeignTest.beanQueryMapEncoderWithNullValueIgnored,10.0,2.0,0.0,0.0,0.0,0,0.0,0,0.0,0.0,0.0,349.0,0.0,0.0,11.0,2.0,1.0,0.0,183.0,121.0,630.347824493812,0,0,1,0.0,0.0
10,feign,feign.AsyncFeignTest.beanQueryMapEncoderWithEmptyParams,8.0,2.0,0.0,0.0,0.0,0,0.0,0,0.0,0.0,0.0,349.0,0.0,0.0,11.0,2.0,1.0,0.0,183.0,121.0,630.347824493812,0,0,1,0.0,0.0
10,feign,feign.AsyncFeignTest.testNonInterface,4.0,2.0,0.0,0.0,0.0,1,0.0,0,0.0,0.0,0.0,349.0,0.0,0.0,11.0,2.0,1.0,0.0,183.0,121.0,630.347824493812,0,0,1,0.0,0.0
10,feign,feign.AsyncFeignTest.testExtendedCFReturnType,4.0,2.0,0.0,0.0,0.0,1,0.0,0,0.0,0.0,0.0,349.0,0.0,0.0,11.0,2.0,1.0,0.0,183.0,121.0,630.347824493812,0,0,1,0.0,0.0
10,feign,feign.AsyncFeignTest.testLowerWildReturnType,4.0,2.0,0.0,0.0,0.0,1,0.0,0,0.0,0.0,0.0,349.0,0.0,0.0,11.0,2.0,1.0,0.0,183.0,121.0,630.347824493812,0,0,1,0.0,0.0
10,feign,feign.AsyncFeignTest.testUpperWildReturnType,4.0,2.0,0.0,0.0,0.0,1,0.0,0,0.0,0.0,0.0,349.0,0.0,0.0,11.0,2.0,1.0,0.0,183.0,121.0,630.347824493812,0,0,1,0.0,0.0
10,feign,feign.AsyncFeignTest.testrWildReturnType,4.0,2.0,0.0,0.0,0.0,1,0.0,0,0.0,0.0,0.0,349.0,0.0,0.0,11.0,2.0,1.0,0.0,183.0,121.0,630.347824493812,0,0,1,0.0,0.0
10,feign,feign.CapabilityTest.enrichClient,14.0,2.0,0.0,1.0,0.0,12,0.0,0,0.0,0.0,0.0,115.0,78.0,0.0,7.0,24.0,13.0,0.0,220.0,90.0,485.4264791717126,0,0,0,0.0,0.0
10,feign,feign.CapabilityTest.enrich,3.0,2.0,0.0,0.0,0.0,0,0.0,0,0.0,0.0,0.0,115.0,78.0,0.0,7.0,24.0,13.0,0.0,220.0,90.0,485.4264791717126,0,0,0,0.0,0.0
10,feign,feign.CapabilityTest.enrich,3.0,2.0,0.0,0.0,0.0,0,0.0,0,0.0,0.0,0.0,115.0,78.0,0.0,7.0,24.0,13.0,0.0,220.0,90.0,485.4264791717126,0,0,0,0.0,0.0
10,feign,feign.FeignExceptionTest.canCreateWithRequestAndResponse,8.0,1.0,0.25,3.0,0.0,5,0.0,0,0.0,0.0,0.0,508.0,0.0,3.0,16.0,58.0,63.0,39.0,1132.0,332.0,2334.538097909359,0,0,0,0.0,0.0
10,feign,feign.FeignExceptionTest.canCreateWithRequestOnly,8.0,1.0,0.375,4.0,0.0,5,0.0,0,0.0,0.0,0.0,508.0,0.0,3.0,16.0,58.0,63.0,39.0,1132.0,332.0,2334.538097909359,0,0,0,0.0,0.0
10,feign,feign.FeignExceptionTest.createFeignExceptionWithCorrectCharsetResponse,10.0,1.0,0.0,0.0,0.0,4,0.0,0,0.0,0.0,0.0,508.0,0.0,3.0,16.0,58.0,63.0,39.0,1132.0,332.0,2334.538097909359,0,0,0,0.0,0.0
10,feign,feign.FeignExceptionTest.createFeignExceptionWithErrorCharsetResponse,10.0,1.0,0.0,0.0,0.0,4,0.0,0,0.0,0.0,0.0,508.0,0.0,3.0,16.0,58.0,63.0,39.0,1132.0,332.0,2334.538097909359,0,0,0,0.0,0.0
10,feign,feign.FeignExceptionTest.canGetResponseHeadersFromException,2.0,1.0,0.0,0.0,0.0,0,0.0,0,0.0,0.0,0.0,508.0,0.0,3.0,16.0,58.0,63.0,39.0,1132.0,332.0,2334.538097909359,0,0,0,0.0,0.0
10,feign,feign.FeignExceptionTest.nullRequestShouldThrowNPEwThrowable,3.0,1.0,0.0,0.0,0.0,0,0.0,0,0.0,0.0,0.0,508.0,0.0,3.0,16.0,58.0,63.0,39.0,1132.0,332.0,2334.538097909359,0,0,0,0.0,0.0
10,feign,feign.FeignExceptionTest.nullRequestShouldThrowNPEwThrowableAndBytes,3.0,1.0,0.0,0.0,0.0,0,0.0,0,0.0,0.0,0.0,508.0,0.0,3.0,16.0,58.0,63.0,39.0,1132.0,332.0,2334.538097909359,0,0,0,0.0,0.0
10,feign,feign.FeignExceptionTest.nullRequestShouldThrowNPE,3.0,1.0,0.0,0.0,0.0,0,0.0,0,0.0,0.0,0.0,508.0,0.0,3.0,16.0,58.0,63.0,39.0,1132.0,332.0,2334.538097909359,0,0,0,0.0,0.0
10,feign,feign.FeignExceptionTest.nullRequestShouldThrowNPEwBytes,3.0,1.0,0.0,0.0,0.0,0,0.0,0,0.0,0.0,0.0,508.0,0.0,3.0,16.0,58.0,63.0,39.0,1132.0,332.0,2334.538097909359,0,0,0,0.0,0.0
10,feign,feign.FeignTest.iterableQueryParams,6.0,2.0,0.0,0.0,0.0,0,0.0,0,0.0,0.0,0.0,311.0,6.0,0.0,15.0,12.0,16.0,12.0,1446.0,443.0,3223.5144864043887,0,0,0,0.0,0.0
10,feign,feign.FeignTest.arrayQueryMapParams,6.0,2.0,0.0,0.0,0.0,0,0.0,0,0.0,0.0,0.0,311.0,6.0,0.0,15.0,12.0,16.0,12.0,1446.0,443.0,3223.5144864043887,0,0,0,0.0,0.0
10,feign,feign.FeignTest.postTemplateParamsResolve,6.0,2.0,0.0,0.0,0.0,0,0.0,0,0.0,0.0,0.0,311.0,6.0,0.0,15.0,12.0,16.0,12.0,1446.0,443.0,3223.5144864043887,0,0,0,0.0,0.0
10,feign,feign.FeignTest.postFormParams,6.0,3.0,0.0,0.0,0.0,0,0.0,0,1.0,0.0,0.0,311.0,6.0,0.0,15.0,12.0,16.0,12.0,1446.0,443.0,3223.5144864043887,0,0,0,0.0,0.0
10,feign,feign.FeignTest.postBodyParam,6.0,2.0,0.0,0.0,0.0,0,0.0,0,0.0,0.0,0.0,311.0,6.0,0.0,15.0,12.0,16.0,12.0,1446.0,443.0,3223.5144864043887,0,0,0,0.0,0.0
10,feign,feign.FeignTest.bodyTypeCorrespondsWithParameterType,19.0,2.0,0.0,1.0,0.0,0,0.0,0,0.0,0.0,0.0,311.0,6.0,0.0,15.0,12.0,16.0,12.0,1446.0,443.0,3223.5144864043887,0,0,0,0.0,0.0
10,feign,feign.FeignTest.encode,3.0,1.0,0.0,0.0,0.0,0,0.0,0,0.0,0.0,0.0,311.0,6.0,0.0,15.0,12.0,16.0,12.0,1446.0,443.0,3223.5144864043887,0,0,0,0.0,0.0
10,feign,feign.FeignTest.postGZIPEncodedBodyParam,6.0,2.0,0.0,0.0,0.0,0,0.0,0,0.0,0.0,0.0,311.0,6.0,0.0,15.0,12.0,16.0,12.0,1446.0,443.0,3223.5144864043887,0,0,0,0.0,0.0
10,feign,feign.FeignTest.postDeflateEncodedBodyParam,6.0,2.0,0.0,0.0,0.0,0,0.0,0,0.0,0.0,0.0,311.0,6.0,0.0,15.0,12.0,16.0,12.0,1446.0,443.0,3223.5144864043887,0,0,0,0.0,0.0
10,feign,feign.FeignTest.singleInterceptor,6.0,2.0,0.0,0.0,0.0,0,0.0,0,0.0,0.0,0.0,311.0,6.0,0.0,15.0,12.0,16.0,12.0,1446.0,443.0,3223.5144864043887,0,0,0,0.0,0.0
10,feign,feign.FeignTest.multipleInterceptor,6.0,2.0,0.0,0.0,0.0,0,0.0,0,0.0,0.0,0.0,311.0,6.0,0.0,15.0,12.0,16.0,12.0,1446.0,443.0,3223.5144864043887,0,0,0,0.0,0.0
10,feign,feign.FeignTest.customExpander,6.0,2.0,0.0,0.0,0.0,0,0.0,0,0.0,0.0,0.0,311.0,6.0,0.0,15.0,12.0,16.0,12.0,1446.0,443.0,3223.5144864043887,0,0,0,0.0,0.0
10,feign,feign.FeignTest.customExpanderListParam,6.0,2.0,0.0,0.0,0.0,0,0.0,0,0.0,0.0,0.0,311.0,6.0,0.0,15.0,12.0,16.0,12.0,1446.0,443.0,3223.5144864043887,0,0,0,0.0,0.0
10,feign,feign.FeignTest.customExpanderNullParam,6.0,2.0,0.0,0.0,0.0,0,0.0,0,0.0,0.0,0.0,311.0,6.0,0.0,15.0,12.0,16.0,12.0,1446.0,443.0,3223.5144864043887,0,0,0,0.0,0.0
10,feign,feign.FeignTest.headerMap,9.0,2.0,0.0,0.0,0.0,0,0.0,0,0.0,0.0,0.0,311.0,6.0,0.0,15.0,12.0,16.0,12.0,1446.0,443.0,3223.5144864043887,0,0,0,0.0,0.0
10,feign,feign.FeignTest.headerMapWithHeaderAnnotations,12.0,2.0,0.08333333333333333,0.0,0.0,0,0.0,0,0.0,0.0,0.0,311.0,6.0,0.0,15.0,12.0,16.0,12.0,1446.0,443.0,3223.5144864043887,0,0,0,0.0,0.0
10,feign,feign.FeignTest.queryMap,9.0,2.0,0.0,0.0,0.0,0,0.0,0,0.0,0.0,0.0,311.0,6.0,0.0,15.0,12.0,16.0,12.0,1446.0,443.0,3223.5144864043887,0,0,0,0.0,0.0
10,feign,feign.FeignTest.queryMapIterableValuesExpanded,11.0,2.0,0.0,0.0,0.0,0,0.0,0,0.0,0.0,0.0,311.0,6.0,0.0,15.0,12.0,16.0,12.0,1446.0,443.0,3223.5144864043887,0,0,0,0.0,0.0
10,feign,feign.FeignTest.queryMapWithQueryParams,18.0,2.0,0.1111111111111111,0.0,0.0,0,0.0,0,0.0,0.0,0.0,311.0,6.0,0.0,15.0,12.0,16.0,12.0,1446.0,443.0,3223.5144864043887,0,0,0,0.0,0.0
10,feign,feign.FeignTest.queryMapValueStartingWithBrace,23.0,2.0,0.13043478260869565,0.0,0.0,0,0.0,0,0.0,0.0,0.0,311.0,6.0,0.0,15.0,12.0,16.0,12.0,1446.0,443.0,3223.5144864043887,0,0,0,0.0,0.0
10,feign,feign.FeignTest.queryMapPojoWithFullParams,7.0,2.0,0.0,0.0,0.0,0,0.0,0,0.0,0.0,0.0,311.0,6.0,0.0,15.0,12.0,16.0,12.0,1446.0,443.0,3223.5144864043887,0,0,0,0.0,0.0
10,feign,feign.FeignTest.queryMapPojoWithPartialParams,7.0,2.0,0.0,0.0,0.0,0,0.0,0,0.0,0.0,0.0,311.0,6.0,0.0,15.0,12.0,16.0,12.0,1446.0,443.0,3223.5144864043887,0,0,0,0.0,0.0
10,feign,feign.FeignTest.queryMapPojoWithEmptyParams,7.0,2.0,0.0,0.0,0.0,0,0.0,0,0.0,0.0,0.0,311.0,6.0,0.0,15.0,12.0,16.0,12.0,1446.0,443.0,3223.5144864043887,0,0,0,0.0,0.0
10,feign,feign.FeignTest.configKeyFormatsAsExpected,4.0,2.0,0.25,0.0,0.0,2,0.0,0,0.0,0.0,0.0,311.0,6.0,0.0,15.0,12.0,16.0,12.0,1446.0,443.0,3223.5144864043887,0,0,0,0.0,0.0
10,feign,feign.FeignTest.configKeyUsesChildType,3.0,2.0,0.0,0.0,0.0,2,0.0,0,0.0,0.0,0.0,311.0,6.0,0.0,15.0,12.0,16.0,12.0,1446.0,443.0,3223.5144864043887,0,0,0,0.0,0.0
10,feign,feign.FeignTest.canOverrideErrorDecoder,7.0,2.0,0.0,0.0,0.0,0,0.0,0,0.0,0.0,0.0,311.0,6.0,0.0,15.0,12.0,16.0,12.0,1446.0,443.0,3223.5144864043887,0,0,0,0.0,0.0
10,feign,feign.FeignTest.retriesLostConnectionBeforeRead,7.0,3.0,0.0,1.0,0.0,0,0.0,0,1.0,0.0,0.0,311.0,6.0,0.0,15.0,12.0,16.0,12.0,1446.0,443.0,3223.5144864043887,0,0,0,0.0,0.0
10,feign,feign.FeignTest.overrideTypeSpecificDecoder,10.0,4.0,0.0,0.0,0.0,0,0.0,0,1.0,0.0,0.0,311.0,6.0,0.0,15.0,12.0,16.0,12.0,1446.0,443.0,3223.5144864043887,0,0,0,0.0,0.0
10,feign,feign.FeignTest.decode,3.0,2.0,0.0,0.0,0.0,0,0.0,0,0.0,0.0,0.0,311.0,6.0,0.0,15.0,12.0,16.0,12.0,1446.0,443.0,3223.5144864043887,0,0,0,0.0,0.0
10,feign,feign.FeignTest.retryableExceptionInDecoder,19.0,4.0,0.05263157894736842,1.0,0.0,0,0.0,0,2.0,0.0,0.0,311.0,6.0,0.0,15.0,12.0,16.0,12.0,1446.0,443.0,3223.5144864043887,0,0,0,0.0,0.0
10,feign,feign.FeignTest.decode,7.0,4.0,0.0,0.0,0.0,0,0.0,0,1.0,0.0,0.0,311.0,6.0,0.0,15.0,12.0,16.0,12.0,1446.0,443.0,3223.5144864043887,0,0,0,0.0,0.0
10,feign,feign.FeignTest.doesntRetryAfterResponseIsSent,12.0,2.0,0.0,0.0,0.0,0,0.0,0,0.0,0.0,0.0,311.0,6.0,0.0,15.0,12.0,16.0,12.0,1446.0,443.0,3223.5144864043887,0,0,0,0.0,0.0
10,feign,feign.FeignTest.decode,3.0,2.0,0.0,0.0,0.0,0,0.0,0,0.0,0.0,0.0,311.0,6.0,0.0,15.0,12.0,16.0,12.0,1446.0,443.0,3223.5144864043887,0,0,0,0.0,0.0
10,feign,feign.FeignTest.throwsFeignExceptionIncludingBody,2.0,2.0,0.0,0.0,0.0,0,0.0,0,0.0,0.0,0.0,311.0,6.0,0.0,15.0,12.0,16.0,12.0,1446.0,443.0,3223.5144864043887,0,0,0,0.0,0.0
10,feign,feign.FeignTest.throwsFeignExceptionWithoutBody,2.0,2.0,0.0,0.0,0.0,0,0.0,0,0.0,0.0,0.0,311.0,6.0,0.0,15.0,12.0,16.0,12.0,1446.0,443.0,3223.5144864043887,0,0,0,0.0,0.0
10,feign,feign.FeignTest.ensureRetryerClonesItself,16.0,3.0,0.0,1.0,0.0,1,0.0,0,0.0,0.0,0.0,311.0,6.0,0.0,15.0,12.0,16.0,12.0,1446.0,443.0,3223.5144864043887,0,0,0,0.0,0.0
10,feign,feign.FeignTest.decode,3.0,2.0,0.0,0.0,0.0,0,0.0,0,0.0,0.0,0.0,311.0,6.0,0.0,15.0,12.0,16.0,12.0,1446.0,443.0,3223.5144864043887,0,0,0,0.0,0.0
10,feign,feign.FeignTest.throwsOriginalExceptionAfterFailedRetries,14.0,3.0,0.0,0.0,0.0,1,0.0,0,0.0,0.0,0.0,311.0,6.0,0.0,15.0,12.0,16.0,12.0,1446.0,443.0,3223.5144864043887,0,0,0,0.0,0.0
10,feign,feign.FeignTest.decode,3.0,2.0,0.0,0.0,0.0,0,0.0,0,0.0,0.0,0.0,311.0,6.0,0.0,15.0,12.0,16.0,12.0,1446.0,443.0,3223.5144864043887,0,0,0,0.0,0.0
10,feign,feign.FeignTest.throwsRetryableExceptionIfNoUnderlyingCause,14.0,3.0,0.0,0.0,0.0,1,0.0,0,0.0,0.0,0.0,311.0,6.0,0.0,15.0,12.0,16.0,12.0,1446.0,443.0,3223.5144864043887,0,0,0,0.0,0.0
10,feign,feign.FeignTest.decode,3.0,2.0,0.0,0.0,0.0,0,0.0,0,0.0,0.0,0.0,311.0,6.0,0.0,15.0,12.0,16.0,12.0,1446.0,443.0,3223.5144864043887,0,0,0,0.0,0.0
10,feign,feign.FeignTest.whenReturnTypeIsResponseNoErrorHandling,2.0,1.0,0.0,0.0,0.0,0,0.0,0,0.0,0.0,0.0,311.0,6.0,0.0,15.0,12.0,16.0,12.0,1446.0,443.0,3223.5144864043887,0,0,0,0.0,0.0
10,feign,feign.FeignTest.okIfDecodeRootCauseHasNoMessage,11.0,2.0,0.0,0.0,0.0,0,0.0,0,0.0,0.0,0.0,311.0,6.0,0.0,15.0,12.0,16.0,12.0,1446.0,443.0,3223.5144864043887,0,0,0,0.0,0.0
10,feign,feign.FeignTest.decode,3.0,2.0,0.0,0.0,0.0,0,0.0,0,0.0,0.0,0.0,311.0,6.0,0.0,15.0,12.0,16.0,12.0,1446.0,443.0,3223.5144864043887,0,0,0,0.0,0.0
10,feign,feign.FeignTest.decodingExceptionGetWrappedInDecode404Mode,14.0,2.0,0.0,1.0,0.0,0,0.0,0,0.0,0.0,0.0,311.0,6.0,0.0,15.0,12.0,16.0,12.0,1446.0,443.0,3223.5144864043887,0,0,0,0.0,0.0
10,feign,feign.FeignTest.decode,4.0,2.0,0.0,1.0,0.0,0,0.0,0,0.0,0.0,0.0,311.0,6.0,0.0,15.0,12.0,16.0,12.0,1446.0,443.0,3223.5144864043887,0,0,0,0.0,0.0
10,feign,feign.FeignTest.decodingDoesNotSwallow404ErrorsInDecode404Mode,6.0,2.0,0.0,0.0,0.0,0,0.0,0,0.0,0.0,0.0,311.0,6.0,0.0,15.0,12.0,16.0,12.0,1446.0,443.0,3223.5144864043887,0,0,0,0.0,0.0
10,feign,feign.FeignTest.okIfEncodeRootCauseHasNoMessage,11.0,2.0,0.0,0.0,0.0,0,0.0,0,0.0,0.0,0.0,311.0,6.0,0.0,15.0,12.0,16.0,12.0,1446.0,443.0,3223.5144864043887,0,0,0,0.0,0.0
10,feign,feign.FeignTest.encode,3.0,2.0,0.0,0.0,0.0,0,0.0,0,0.0,0.0,0.0,311.0,6.0,0.0,15.0,12.0,16.0,12.0,1446.0,443.0,3223.5144864043887,0,0,0,0.0,0.0
10,feign,feign.FeignTest.equalsHashCodeAndToStringWork,15.0,1.0,0.3333333333333333,6.0,0.0,1,2.0,0,0.0,0.0,0.0,311.0,6.0,0.0,15.0,12.0,16.0,12.0,1446.0,443.0,3223.5144864043887,0,0,0,0.0,0.0
10,feign,feign.FeignTest.decodeLogicSupportsByteArray,6.0,2.0,0.0,1.0,0.0,1,0.0,0,0.0,0.0,0.0,311.0,6.0,0.0,15.0,12.0,16.0,12.0,1446.0,443.0,3223.5144864043887,0,0,0,0.0,0.0
10,feign,feign.FeignTest.encodeLogicSupportsByteArray,7.0,2.0,0.0,1.0,0.0,1,0.0,0,0.0,0.0,0.0,311.0,6.0,0.0,15.0,12.0,16.0,12.0,1446.0,443.0,3223.5144864043887,0,0,0,0.0,0.0
10,feign,feign.FeignTest.encodedQueryParam,6.0,2.0,0.0,0.0,0.0,0,0.0,0,0.0,0.0,0.0,311.0,6.0,0.0,15.0,12.0,16.0,12.0,1446.0,443.0,3223.5144864043887,0,0,0,0.0,0.0
10,feign,feign.FeignTest.responseMapperIsAppliedBeforeDelegate,5.0,3.0,0.0,0.0,0.0,0,0.0,0,1.0,0.0,0.0,311.0,6.0,0.0,15.0,12.0,16.0,12.0,1446.0,443.0,3223.5144864043887,0,0,0,0.0,0.0
10,feign,feign.FeignTest.upperCaseResponseMapper,13.0,4.0,0.0,0.0,0.0,0,0.0,0,0.0,0.0,0.0,311.0,6.0,0.0,15.0,12.0,16.0,12.0,1446.0,443.0,3223.5144864043887,0,0,0,0.0,0.0
10,feign,feign.FeignTest.map,8.0,4.0,0.0,0.0,0.0,0,0.0,0,0.0,0.0,0.0,311.0,6.0,0.0,15.0,12.0,16.0,12.0,1446.0,443.0,3223.5144864043887,0,0,0,0.0,0.0
10,feign,feign.FeignTest.responseWithText,3.0,2.0,0.0,0.0,0.0,1,0.0,0,0.0,0.0,0.0,311.0,6.0,0.0,15.0,12.0,16.0,12.0,1446.0,443.0,3223.5144864043887,0,0,0,0.0,0.0
10,feign,feign.FeignTest.mapAndDecodeExecutesMapFunction,5.0,2.0,0.0,0.0,0.0,0,0.0,0,0.0,0.0,0.0,311.0,6.0,0.0,15.0,12.0,16.0,12.0,1446.0,443.0,3223.5144864043887,0,0,0,0.0,0.0
10,feign,feign.FeignTest.beanQueryMapEncoderWithPrivateGetterIgnored,10.0,2.0,0.0,0.0,0.0,0,0.0,0,0.0,0.0,0.0,311.0,6.0,0.0,15.0,12.0,16.0,12.0,1446.0,443.0,3223.5144864043887,0,0,0,0.0,0.0
10,feign,feign.FeignTest.queryMap_with_child_pojo,10.0,2.0,0.0,0.0,0.0,0,0.0,0,0.0,0.0,0.0,311.0,6.0,0.0,15.0,12.0,16.0,12.0,1446.0,443.0,3223.5144864043887,0,0,0,0.0,0.0
10,feign,feign.FeignTest.beanQueryMapEncoderWithNullValueIgnored,9.0,2.0,0.0,0.0,0.0,0,0.0,0,0.0,0.0,0.0,311.0,6.0,0.0,15.0,12.0,16.0,12.0,1446.0,443.0,3223.5144864043887,0,0,0,0.0,0.0
10,feign,feign.FeignTest.beanQueryMapEncoderWithEmptyParams,7.0,2.0,0.0,0.0,0.0,0,0.0,0,0.0,0.0,0.0,311.0,6.0,0.0,15.0,12.0,16.0,12.0,1446.0,443.0,3223.5144864043887,0,0,0,0.0,0.0
10,feign,feign.RequestTemplateTest.mapOf,8.0,3.0,0.0,0.0,0.0,0,0.0,0,1.0,0.0,0.0,1033.0,967.0,3.0,12.0,177.0,172.0,118.0,3858.0,710.0,5863.111977360628,0,0,0,0.0,74.0
10,feign,feign.RequestTemplateTest.mapOf,5.0,2.0,0.0,0.0,0.0,0,0.0,0,0.0,0.0,0.0,1033.0,967.0,3.0,12.0,177.0,172.0,118.0,3858.0,710.0,5863.111977360628,0,0,0,0.0,74.0
10,feign,feign.RequestTemplateTest.mapOf,5.0,2.0,0.0,0.0,0.0,0,0.0,0,0.0,0.0,0.0,1033.0,967.0,3.0,12.0,177.0,172.0,118.0,3858.0,710.0,5863.111977360628,0,0,0,0.0,74.0
10,feign,feign.RequestTemplateTest.expand,5.0,2.0,0.0,0.0,0.0,5,0.0,0,0.0,0.0,0.0,1033.0,967.0,3.0,12.0,177.0,172.0,118.0,3858.0,710.0,5863.111977360628,0,0,0,0.0,74.0
10,feign,feign.RequestTemplateTest.expandUrlEncoded,5.0,2.0,0.0,0.0,0.0,0,0.0,0,1.0,0.0,0.0,1033.0,967.0,3.0,12.0,177.0,172.0,118.0,3858.0,710.0,5863.111977360628,0,0,0,0.0,74.0
10,feign,feign.RequestTemplateTest.expandMultipleParams,3.0,1.0,0.0,0.0,0.0,0,0.0,0,0.0,0.0,0.0,1033.0,967.0,3.0,12.0,177.0,172.0,118.0,3858.0,710.0,5863.111977360628,0,0,0,0.0,74.0
10,feign,feign.RequestTemplateTest.expandParamKeyHyphen,3.0,1.0,0.0,0.0,0.0,0,0.0,0,0.0,0.0,0.0,1033.0,967.0,3.0,12.0,177.0,172.0,118.0,3858.0,710.0,5863.111977360628,0,0,0,0.0,74.0
10,feign,feign.RequestTemplateTest.expandMissingParamProceeds,3.0,1.0,0.0,0.0,0.0,0,0.0,0,0.0,0.0,0.0,1033.0,967.0,3.0,12.0,177.0,172.0,118.0,3858.0,710.0,5863.111977360628,0,0,0,0.0,74.0
10,feign,feign.RequestTemplateTest.resolveTemplateWithParameterizedPathSkipsEncodingSlash,5.0,1.0,0.0,0.0,0.0,7,0.0,0,0.0,0.0,0.0,1033.0,967.0,3.0,12.0,177.0,172.0,118.0,3858.0,710.0,5863.111977360628,0,0,0,0.0,74.0
10,feign,feign.RequestTemplateTest.resolveTemplateWithBinaryBody,5.0,1.0,0.0,0.0,0.0,11,0.0,0,0.0,0.0,0.0,1033.0,967.0,3.0,12.0,177.0,172.0,118.0,3858.0,710.0,5863.111977360628,0,0,0,0.0,74.0
10,feign,feign.RequestTemplateTest.canInsertAbsoluteHref,5.0,1.0,0.0,0.0,0.0,6,0.0,0,0.0,0.0,0.0,1033.0,967.0,3.0,12.0,177.0,172.0,118.0,3858.0,710.0,5863.111977360628,0,0,0,0.0,74.0
10,feign,feign.RequestTemplateTest.resolveTemplateWithRelativeUriWithQuery,4.0,2.0,0.0,0.0,0.0,6,0.0,0,0.0,0.0,0.0,1033.0,967.0,3.0,12.0,177.0,172.0,118.0,3858.0,710.0,5863.111977360628,0,0,0,0.0,74.0
10,feign,feign.RequestTemplateTest.resolveTemplateWithBaseAndParameterizedQuery,5.0,1.0,0.0,0.0,0.0,10,0.0,0,0.0,0.0,0.0,1033.0,967.0,3.0,12.0,177.0,172.0,118.0,3858.0,710.0,5863.111977360628,0,0,0,0.0,74.0
10,feign,feign.RequestTemplateTest.resolveTemplateWithBaseAndParameterizedIterableQuery,5.0,1.0,0.0,0.0,0.0,10,0.0,0,0.0,0.0,0.0,1033.0,967.0,3.0,12.0,177.0,172.0,118.0,3858.0,710.0,5863.111977360628,0,0,0,0.0,74.0
10,feign,feign.RequestTemplateTest.resolveTemplateWithMixedCollectionFormatsByQuery,5.0,1.0,0.0,0.0,0.0,13,0.0,0,0.0,0.0,0.0,1033.0,967.0,3.0,12.0,177.0,172.0,118.0,3858.0,710.0,5863.111977360628,0,0,0,0.0,74.0
10,feign,feign.RequestTemplateTest.resolveTemplateWithHeaderSubstitutions,5.0,1.0,0.0,0.0,0.0,7,0.0,0,0.0,0.0,0.0,1033.0,967.0,3.0,12.0,177.0,172.0,118.0,3858.0,710.0,5863.111977360628,0,0,0,0.0,74.0
10,feign,feign.RequestTemplateTest.resolveTemplateWithHeaderSubstitutionsNotAtStart,5.0,1.0,0.0,0.0,0.0,7,0.0,0,0.0,0.0,0.0,1033.0,967.0,3.0,12.0,177.0,172.0,118.0,3858.0,710.0,5863.111977360628,0,0,0,0.0,74.0
10,feign,feign.RequestTemplateTest.resolveTemplateWithHeaderWithEscapedCurlyBrace,5.0,1.0,0.0,0.0,0.0,7,0.0,0,0.0,0.0,0.0,1033.0,967.0,3.0,12.0,177.0,172.0,118.0,3858.0,710.0,5863.111977360628,0,0,0,0.0,74.0
10,feign,feign.RequestTemplateTest.resolveTemplateWithHeaderIncludingSpecialCharacters,8.0,1.0,0.0,0.0,0.0,7,0.0,0,0.0,0.0,0.0,1033.0,967.0,3.0,12.0,177.0,172.0,118.0,3858.0,710.0,5863.111977360628,0,0,0,0.0,74.0
10,feign,feign.RequestTemplateTest.resolveTemplateWithHeaderEmptyResult,5.0,1.0,0.0,0.0,0.0,7,0.0,0,0.0,0.0,0.0,1033.0,967.0,3.0,12.0,177.0,172.0,118.0,3858.0,710.0,5863.111977360628,0,0,0,0.0,74.0
10,feign,feign.RequestTemplateTest.resolveTemplateWithMixedRequestLineParams,5.0,1.0,0.0,0.0,0.0,10,0.0,0,0.0,0.0,0.0,1033.0,967.0,3.0,12.0,177.0,172.0,118.0,3858.0,710.0,5863.111977360628,0,0,0,0.0,74.0
10,feign,feign.RequestTemplateTest.insertHasQueryParams,5.0,1.0,0.0,0.0,0.0,9,0.0,0,0.0,0.0,0.0,1033.0,967.0,3.0,12.0,177.0,172.0,118.0,3858.0,710.0,5863.111977360628,0,0,0,0.0,74.0
10,feign,feign.RequestTemplateTest.resolveTemplateWithBodyTemplateSetsBodyAndContentLength,5.0,1.0,0.0,0.0,0.0,12,0.0,0,0.0,0.0,0.0,1033.0,967.0,3.0,12.0,177.0,172.0,118.0,3858.0,710.0,5863.111977360628,0,0,0,0.0,74.0
10,feign,feign.RequestTemplateTest.resolveTemplateWithBodyTemplateDoesNotDoubleDecode,5.0,1.0,0.0,0.0,0.0,8,0.0,0,0.0,0.0,0.0,1033.0,967.0,3.0,12.0,177.0,172.0,118.0,3858.0,710.0,5863.111977360628,0,0,0,0.0,74.0
10,feign,feign.RequestTemplateTest.skipUnresolvedQueries,5.0,1.0,0.0,0.0,0.0,10,0.0,0,0.0,0.0,0.0,1033.0,967.0,3.0,12.0,177.0,172.0,118.0,3858.0,710.0,5863.111977360628,0,0,0,0.0,74.0
10,feign,feign.RequestTemplateTest.allQueriesUnresolvable,5.0,1.0,0.0,0.0,0.0,10,0.0,0,0.0,0.0,0.0,1033.0,967.0,3.0,12.0,177.0,172.0,118.0,3858.0,710.0,5863.111977360628,0,0,0,0.0,74.0
10,feign,feign.RequestTemplateTest.spaceEncodingInUrlParam,5.0,1.0,0.0,0.0,0.0,9,0.0,0,0.0,0.0,0.0,1033.0,967.0,3.0,12.0,177.0,172.0,118.0,3858.0,710.0,5863.111977360628,0,0,0,0.0,74.0
10,feign,feign.RequestTemplateTest.useCaseInsensitiveHeaderFieldNames,14.0,2.0,0.5714285714285714,7.0,0.0,4,0.0,0,0.0,0.0,0.0,1033.0,967.0,3.0,12.0,177.0,172.0,118.0,3858.0,710.0,5863.111977360628,0,0,0,0.0,74.0
10,feign,feign.RequestTemplateTest.encodeSlashTest,5.0,1.0,0.0,0.0,0.0,9,0.0,0,0.0,0.0,0.0,1033.0,967.0,3.0,12.0,177.0,172.0,118.0,3858.0,710.0,5863.111977360628,0,0,0,0.0,74.0
10,feign,feign.RequestTemplateTest.uriStuffedIntoMethod,8.0,3.0,0.0,0.0,0.0,3,0.0,0,1.0,0.0,0.0,1033.0,967.0,3.0,12.0,177.0,172.0,118.0,3858.0,710.0,5863.111977360628,0,0,0,0.0,74.0
10,feign,feign.RequestTemplateTest.encodedQueryClearedOnNull,7.0,1.0,0.14285714285714285,1.0,0.0,5,0.0,0,0.0,0.0,0.0,1033.0,967.0,3.0,12.0,177.0,172.0,118.0,3858.0,710.0,5863.111977360628,0,0,0,0.0,74.0
10,feign,feign.RequestTemplateTest.encodedQuery,5.0,1.0,0.2,0.0,0.0,4,0.0,0,0.0,0.0,0.0,1033.0,967.0,3.0,12.0,177.0,172.0,118.0,3858.0,710.0,5863.111977360628,0,0,0,0.0,74.0
10,feign,feign.RequestTemplateTest.encodedQueryWithUnsafeCharactersMixedWithUnencoded,7.0,1.0,0.2857142857142857,0.0,0.0,6,0.0,0,0.0,0.0,0.0,1033.0,967.0,3.0,12.0,177.0,172.0,118.0,3858.0,710.0,5863.111977360628,0,0,0,0.0,74.0
10,feign,feign.RequestTemplateTest.shouldRetrieveHeadersWithoutNull,5.0,1.0,0.2,1.0,0.0,4,0.0,0,0.0,0.0,0.0,1033.0,967.0,3.0,12.0,177.0,172.0,118.0,3858.0,710.0,5863.111977360628,0,0,0,0.0,74.0
10,feign,feign.RequestTemplateTest.shouldNotInsertHeadersImmutableMap,6.0,1.0,0.16666666666666666,1.0,0.0,4,0.0,0,0.0,0.0,0.0,1033.0,967.0,3.0,12.0,177.0,172.0,118.0,3858.0,710.0,5863.111977360628,0,0,0,0.0,74.0
10,feign,feign.RequestTemplateTest.fragmentShouldNotBeEncodedInUri,4.0,1.0,0.0,0.0,0.0,8,0.0,0,0.0,0.0,0.0,1033.0,967.0,3.0,12.0,177.0,172.0,118.0,3858.0,710.0,5863.111977360628,0,0,0,0.0,74.0
10,feign,feign.RequestTemplateTest.fragmentShouldNotBeEncodedInTarget,4.0,1.0,0.0,0.0,0.0,7,0.0,0,0.0,0.0,0.0,1033.0,967.0,3.0,12.0,177.0,172.0,118.0,3858.0,710.0,5863.111977360628,0,0,0,0.0,74.0
10,feign,feign.RequestTemplateTest.slashShouldNotBeAppendedForMatrixParams,4.0,1.0,0.0,0.0,0.0,6,0.0,0,0.0,0.0,0.0,1033.0,967.0,3.0,12.0,177.0,172.0,118.0,3858.0,710.0,5863.111977360628,0,0,0,0.0,74.0
10,feign,feign.RequestTemplateTest.encodedReservedPreserveSlash,7.0,1.0,0.0,0.0,0.0,8,0.0,0,0.0,0.0,0.0,1033.0,967.0,3.0,12.0,177.0,172.0,118.0,3858.0,710.0,5863.111977360628,0,0,0,0.0,74.0
10,feign,feign.RequestTemplateTest.encodedReservedEncodeSlash,8.0,1.0,0.0,0.0,0.0,10,0.0,0,0.0,0.0,0.0,1033.0,967.0,3.0,12.0,177.0,172.0,118.0,3858.0,710.0,5863.111977360628,0,0,0,0.0,74.0
10,feign,feign.ResponseTest.reasonPhraseIsOptional,5.0,1.0,0.2,1.0,0.0,7,1.0,0,0.0,0.0,0.0,361.0,23.0,2.0,5.0,28.0,24.0,13.0,1643.0,299.0,2213.879456293143,0,0,0,0.0,0.0
10,feign,feign.ResponseTest.canAccessHeadersCaseInsensitively,2.0,1.0,0.0,0.0,0.0,0,0.0,0,0.0,0.0,0.0,361.0,23.0,2.0,5.0,28.0,24.0,13.0,1643.0,299.0,2213.879456293143,0,0,0,0.0,0.0
10,feign,feign.ResponseTest.headerValuesWithSameNameOnlyVaryingInCaseAreMerged,2.0,1.0,0.0,0.0,0.0,0,0.0,0,0.0,0.0,0.0,361.0,23.0,2.0,5.0,28.0,24.0,13.0,1643.0,299.0,2213.879456293143,0,0,0,0.0,0.0
10,feign,feign.ResponseTest.headersAreOptional,4.0,1.0,0.0,1.0,0.0,5,0.0,0,0.0,0.0,0.0,361.0,23.0,2.0,5.0,28.0,24.0,13.0,1643.0,299.0,2213.879456293143,0,0,0,0.0,0.0
10,feign,feign.ResponseTest.support1xxStatusCodes,4.0,1.0,0.0,1.0,0.0,4,0.0,0,0.0,0.0,0.0,361.0,23.0,2.0,5.0,28.0,24.0,13.0,1643.0,299.0,2213.879456293143,0,0,0,0.0,0.0
10,feign,feign.ResponseTest.statusCodesOfAnyValueAreAllowed,2.0,1.0,0.0,0.0,0.0,0,0.0,0,0.0,0.0,0.0,361.0,23.0,2.0,5.0,28.0,24.0,13.0,1643.0,299.0,2213.879456293143,0,0,0,0.0,0.0
10,feign,feign.RetryerTest.only5TriesAllowedAndExponentialBackoff,20.0,2.0,0.45,10.0,0.0,2,0.0,0,0.0,0.0,0.0,114.0,6.0,0.0,1.0,8.0,4.0,0.0,548.0,155.0,977.4726694769424,0,0,0,0.0,0.0
10,feign,feign.RetryerTest.considersRetryAfterButNotMoreThanMaxPeriod,11.0,2.0,0.09090909090909091,2.0,0.0,2,0.0,0,0.0,0.0,0.0,114.0,6.0,0.0,1.0,8.0,4.0,0.0,548.0,155.0,977.4726694769424,0,0,0,0.0,0.0
10,feign,feign.RetryerTest.currentTimeMillis,3.0,2.0,0.0,0.0,0.0,0,0.0,0,0.0,0.0,0.0,114.0,6.0,0.0,1.0,8.0,4.0,0.0,548.0,155.0,977.4726694769424,0,0,0,0.0,0.0
10,feign,feign.RetryerTest.neverRetryAlwaysPropagates,3.0,1.0,0.0,0.0,0.0,0,0.0,0,0.0,0.0,0.0,114.0,6.0,0.0,1.0,8.0,4.0,0.0,548.0,155.0,977.4726694769424,0,0,0,0.0,0.0
10,feign,feign.RetryerTest.defaultRetryerFailsOnInterruptedException,15.0,2.0,0.4,0.0,0.0,2,0.0,0,0.0,0.0,0.0,114.0,6.0,0.0,1.0,8.0,4.0,0.0,548.0,155.0,977.4726694769424,0,0,0,0.0,0.0
10,feign,feign.TargetTest.baseCaseQueryParamsArePercentEncoded,6.0,2.0,0.0,0.0,0.0,1,0.0,0,0.0,0.0,0.0,204.0,6.0,0.0,2.0,6.0,4.0,0.0,904.0,186.0,1266.0702610329447,0,0,0,0.0,0.0
10,feign,feign.TargetTest.targetCanCreateCustomRequest,17.0,3.0,0.0,0.0,0.0,1,0.0,0,0.0,0.0,0.0,204.0,6.0,0.0,2.0,6.0,4.0,0.0,904.0,186.0,1266.0702610329447,0,0,0,0.0,0.0
10,feign,feign.TargetTest.apply,4.0,2.0,0.0,0.0,0.0,1,0.0,0,0.0,0.0,0.0,204.0,6.0,0.0,2.0,6.0,4.0,0.0,904.0,186.0,1266.0702610329447,0,0,0,0.0,0.0
10,feign,feign.TargetTest.emptyTarget,8.0,2.0,0.0,0.0,0.0,0,0.0,0,0.0,0.0,0.0,204.0,6.0,0.0,2.0,6.0,4.0,0.0,904.0,186.0,1266.0702610329447,0,0,0,0.0,0.0
10,feign,feign.TargetTest.hardCodedTargetWithURI,9.0,2.0,0.0,0.0,0.0,0,0.0,0,0.0,0.0,0.0,204.0,6.0,0.0,2.0,6.0,4.0,0.0,904.0,186.0,1266.0702610329447,0,0,0,0.0,0.0
10,feign,feign.UtilTest.removesEmptyStrings,2.0,1.0,0.0,0.0,0.0,0,0.0,0,0.0,0.0,0.0,384.0,169.0,2.0,22.0,71.0,66.0,47.0,1499.0,404.0,2954.2716132334494,0,0,0,0.0,0.0
10,feign,feign.UtilTest.removesEvenNumbers,2.0,1.0,0.0,0.0,0.0,0,0.0,0,0.0,0.0,0.0,384.0,169.0,2.0,22.0,71.0,66.0,47.0,1499.0,404.0,2954.2716132334494,0,0,0,0.0,0.0
10,feign,feign.UtilTest.emptyValueOf,11.0,2.0,0.7272727272727273,9.0,0.0,1,0.0,0,0.0,0.0,0.0,384.0,169.0,2.0,22.0,71.0,66.0,47.0,1499.0,404.0,2954.2716132334494,0,0,0,0.0,0.0
10,feign,feign.UtilTest.emptyValueOf_considersRawType,7.0,2.0,0.0,1.0,0.0,1,0.0,0,0.0,0.0,0.0,384.0,169.0,2.0,22.0,71.0,66.0,47.0,1499.0,404.0,2954.2716132334494,0,0,0,0.0,0.0
10,feign,feign.UtilTest.emptyValueOf_nullForUndefined,7.0,2.0,0.14285714285714285,2.0,0.0,1,0.0,0,0.0,0.0,0.0,384.0,169.0,2.0,22.0,71.0,66.0,47.0,1499.0,404.0,2954.2716132334494,0,0,0,0.0,0.0
10,feign,feign.UtilTest.resolveLastTypeParameterWhenNotSubtype,6.0,2.0,0.0,1.0,0.0,1,0.0,0,0.0,0.0,0.0,384.0,169.0,2.0,22.0,71.0,66.0,47.0,1499.0,404.0,2954.2716132334494,0,0,0,0.0,0.0
10,feign,feign.UtilTest.lastTypeFromInstance,5.0,2.0,0.0,1.0,0.0,1,0.0,0,0.0,0.0,0.0,384.0,169.0,2.0,22.0,71.0,66.0,47.0,1499.0,404.0,2954.2716132334494,0,0,0,0.0,0.0
10,feign,feign.UtilTest.lastTypeFromAnonymous,7.0,2.0,0.0,1.0,0.0,1,0.0,0,0.0,0.0,0.0,384.0,169.0,2.0,22.0,71.0,66.0,47.0,1499.0,404.0,2954.2716132334494,0,0,0,0.0,0.0
10,feign,feign.UtilTest.resolveLastTypeParameterWhenWildcard,6.0,2.0,0.0,1.0,0.0,1,0.0,0,0.0,0.0,0.0,384.0,169.0,2.0,22.0,71.0,66.0,47.0,1499.0,404.0,2954.2716132334494,0,0,0,0.0,0.0
10,feign,feign.UtilTest.resolveLastTypeParameterWhenParameterizedSubtype,6.0,2.0,0.0,1.0,0.0,1,0.0,0,0.0,0.0,0.0,384.0,169.0,2.0,22.0,71.0,66.0,47.0,1499.0,404.0,2954.2716132334494,0,0,0,0.0,0.0
10,feign,feign.UtilTest.unboundWildcardIsObject,5.0,2.0,0.0,1.0,0.0,1,0.0,0,0.0,0.0,0.0,384.0,169.0,2.0,22.0,71.0,66.0,47.0,1499.0,404.0,2954.2716132334494,0,0,0,0.0,0.0
10,feign,feign.UtilTest.checkArgumentInputFalseNotNullNullOutputIllegalArgumentException,7.0,2.0,0.0,0.0,0.0,1,0.0,0,0.0,0.0,0.0,384.0,169.0,2.0,22.0,71.0,66.0,47.0,1499.0,404.0,2954.2716132334494,0,0,0,0.0,0.0
10,feign,feign.UtilTest.checkNotNullInputNullNotNullNullOutputNullPointerException,7.0,2.0,0.0,0.0,0.0,1,0.0,0,0.0,0.0,0.0,384.0,169.0,2.0,22.0,71.0,66.0,47.0,1499.0,404.0,2954.2716132334494,0,0,0,0.0,0.0
10,feign,feign.UtilTest.checkNotNullInputZeroNotNull0OutputZero,7.0,1.0,0.0,1.0,0.0,1,0.0,0,0.0,0.0,0.0,384.0,169.0,2.0,22.0,71.0,66.0,47.0,1499.0,404.0,2954.2716132334494,0,0,0,0.0,0.0
10,feign,feign.UtilTest.checkStateInputFalseNotNullNullOutputIllegalStateException,7.0,2.0,0.0,0.0,0.0,1,0.0,0,0.0,0.0,0.0,384.0,169.0,2.0,22.0,71.0,66.0,47.0,1499.0,404.0,2954.2716132334494,0,0,0,0.0,0.0
10,feign,feign.UtilTest.emptyToNullInputNotNullOutputNotNull,5.0,1.0,0.0,0.0,0.0,1,0.0,0,0.0,0.0,0.0,384.0,169.0,2.0,22.0,71.0,66.0,47.0,1499.0,404.0,2954.2716132334494,0,0,0,0.0,0.0
10,feign,feign.UtilTest.emptyToNullInputNullOutputNull,5.0,1.0,0.0,1.0,0.0,1,0.0,0,0.0,0.0,0.0,384.0,169.0,2.0,22.0,71.0,66.0,47.0,1499.0,404.0,2954.2716132334494,0,0,0,0.0,0.0
10,feign,feign.UtilTest.isBlankInputNotNullOutputFalse,5.0,1.0,0.0,1.0,0.0,1,0.0,0,0.0,0.0,0.0,384.0,169.0,2.0,22.0,71.0,66.0,47.0,1499.0,404.0,2954.2716132334494,0,0,0,0.0,0.0
10,feign,feign.UtilTest.isBlankInputNullOutputTrue,5.0,1.0,0.0,1.0,0.0,1,0.0,0,0.0,0.0,0.0,384.0,169.0,2.0,22.0,71.0,66.0,47.0,1499.0,404.0,2954.2716132334494,0,0,0,0.0,0.0
10,feign,feign.UtilTest.isNotBlankInputNotNullOutputFalse,5.0,1.0,0.0,1.0,0.0,1,0.0,0,0.0,0.0,0.0,384.0,169.0,2.0,22.0,71.0,66.0,47.0,1499.0,404.0,2954.2716132334494,0,0,0,0.0,0.0
10,feign,feign.UtilTest.isNotBlankInputNotNullOutputTrue,5.0,1.0,0.0,1.0,0.0,1,0.0,0,0.0,0.0,0.0,384.0,169.0,2.0,22.0,71.0,66.0,47.0,1499.0,404.0,2954.2716132334494,0,0,0,0.0,0.0
10,feign,feign.UtilTest.caseInsensitiveCopyOfMap,2.0,2.0,0.0,0.0,0.0,0,0.0,0,0.0,0.0,0.0,384.0,169.0,2.0,22.0,71.0,66.0,47.0,1499.0,404.0,2954.2716132334494,0,0,0,0.0,0.0
10,feign,feign.UtilTest.copyIsUnmodifiable,2.0,2.0,0.0,0.0,0.0,0,0.0,0,0.0,0.0,0.0,384.0,169.0,2.0,22.0,71.0,66.0,47.0,1499.0,404.0,2954.2716132334494,0,0,0,0.0,0.0
10,feign,feign.UtilTest.nullMap,4.0,2.0,0.0,1.0,0.0,1,0.0,0,0.0,0.0,0.0,384.0,169.0,2.0,22.0,71.0,66.0,47.0,1499.0,404.0,2954.2716132334494,0,0,0,0.0,0.0
10,feign,feign.auth.BasicAuthRequestInterceptorTest.addsAuthorizationHeader,6.0,1.0,0.0,0.0,0.0,1,0.0,0,0.0,0.0,0.0,67.0,4.0,0.0,5.0,9.0,9.0,5.0,197.0,80.0,422.65629829903907,0,0,0,0.0,0.0
10,feign,feign.auth.BasicAuthRequestInterceptorTest.addsAuthorizationHeader_longUserAndPassword,6.0,1.0,0.0,0.0,0.0,1,0.0,0,0.0,0.0,0.0,67.0,4.0,0.0,5.0,9.0,9.0,5.0,197.0,80.0,422.65629829903907,0,0,0,0.0,0.0
10,feign,feign.querymap.BeanQueryMapEncoderTest.testDefaultEncoder_normalClassWithValues,9.0,1.0,0.0,0.0,0.0,1,0.0,0,0.0,0.0,0.0,90.0,1.0,0.0,9.0,11.0,13.0,11.0,407.0,126.0,757.1104613657669,0,0,2,0.0,0.0
10,feign,feign.querymap.BeanQueryMapEncoderTest.testDefaultEncoder_normalClassWithOutValues,5.0,1.0,0.0,0.0,0.0,1,0.0,0,0.0,0.0,0.0,90.0,1.0,0.0,9.0,11.0,13.0,11.0,407.0,126.0,757.1104613657669,0,0,2,0.0,0.0
10,feign,feign.querymap.BeanQueryMapEncoderTest.testDefaultEncoder_haveSuperClass,12.0,1.0,0.0,0.0,0.0,1,0.0,0,0.0,0.0,0.0,90.0,1.0,0.0,9.0,11.0,13.0,11.0,407.0,126.0,757.1104613657669,0,0,2,0.0,0.0
10,feign,feign.querymap.BeanQueryMapEncoderTest.testDefaultEncoder_withOverriddenParamName,8.0,1.0,0.0,0.0,0.0,1,0.0,0,0.0,0.0,0.0,90.0,1.0,0.0,9.0,11.0,13.0,11.0,407.0,126.0,757.1104613657669,0,0,2,0.0,0.0
10,feign,feign.querymap.FieldQueryMapEncoderTest.testDefaultEncoder_normalClassWithValues,8.0,1.0,0.0,0.0,0.0,1,0.0,0,0.0,0.0,0.0,105.0,3.0,0.0,11.0,8.0,9.0,6.0,274.0,112.0,628.6703479154639,0,0,0,0.0,0.0
10,feign,feign.querymap.FieldQueryMapEncoderTest.testDefaultEncoder_normalClassWithOutValues,5.0,1.0,0.0,0.0,0.0,1,0.0,0,0.0,0.0,0.0,105.0,3.0,0.0,11.0,8.0,9.0,6.0,274.0,112.0,628.6703479154639,0,0,0,0.0,0.0
10,feign,feign.querymap.FieldQueryMapEncoderTest.testDefaultEncoder_withOverriddenParamName,8.0,1.0,0.0,0.0,0.0,1,0.0,0,0.0,0.0,0.0,105.0,3.0,0.0,11.0,8.0,9.0,6.0,274.0,112.0,628.6703479154639,0,0,0,0.0,0.0
10,feign,feign.stream.StreamDecoderTest.simpleStreamTest,2.0,1.0,0.0,0.0,0.0,0,0.0,0,0.0,0.0,0.0,106.0,1.0,0.0,12.0,5.0,3.0,0.0,195.0,81.0,427.1129642436635,0,0,0,0.0,0.0
10,feign,feign.stream.StreamDecoderTest.shouldCloseIteratorWhenStreamClosed,2.0,2.0,0.0,0.0,0.0,0,0.0,0,0.0,0.0,0.0,106.0,1.0,0.0,12.0,5.0,3.0,0.0,195.0,81.0,427.1129642436635,0,0,0,0.0,0.0
10,feign,feign.template.BodyTemplateTest.bodyTemplatesSupportJsonOnlyWhenEncoded,6.0,1.0,0.0,0.0,0.0,3,0.0,0,0.0,0.0,0.0,72.0,4.0,0.0,3.0,10.0,7.0,3.0,218.0,81.0,436.1441000859162,0,0,0,0.0,0.0
10,feign,feign.template.HeaderTemplateTest.it_should_throw_exception_when_name_is_null,4.0,2.0,0.0,0.0,0.0,1,0.0,0,0.0,0.0,0.0,132.0,0.0,3.0,13.0,20.0,19.0,12.0,424.0,121.0,732.0177480830669,0,0,0,0.0,0.0
10,feign,feign.template.HeaderTemplateTest.it_should_throw_exception_when_name_is_empty,4.0,2.0,0.0,0.0,0.0,1,0.0,0,0.0,0.0,0.0,132.0,0.0,3.0,13.0,20.0,19.0,12.0,424.0,121.0,732.0177480830669,0,0,0,0.0,0.0
10,feign,feign.template.HeaderTemplateTest.it_should_throw_exception_when_value_is_null,4.0,2.0,0.0,0.0,0.0,1,0.0,0,0.0,0.0,0.0,132.0,0.0,3.0,13.0,20.0,19.0,12.0,424.0,121.0,732.0177480830669,0,0,0,0.0,0.0
10,feign,feign.template.HeaderTemplateTest.it_should_return_name,4.0,2.0,0.0,0.0,0.0,2,0.0,0,0.0,0.0,0.0,132.0,0.0,3.0,13.0,20.0,19.0,12.0,424.0,121.0,732.0177480830669,0,0,0,0.0,0.0
10,feign,feign.template.HeaderTemplateTest.it_should_return_expanded,5.0,2.0,0.2,0.0,0.0,2,0.0,0,0.0,0.0,0.0,132.0,0.0,3.0,13.0,20.0,19.0,12.0,424.0,121.0,732.0177480830669,0,0,0,0.0,0.0
10,feign,feign.template.HeaderTemplateTest.it_should_return_expanded_literals,4.0,2.0,0.0,0.0,0.0,2,0.0,0,0.0,0.0,0.0,132.0,0.0,3.0,13.0,20.0,19.0,12.0,424.0,121.0,732.0177480830669,0,0,0,0.0,0.0
10,feign,feign.template.HeaderTemplateTest.create_should_preserve_order,6.0,1.0,0.16666666666666666,0.0,0.0,2,0.0,0,0.0,0.0,0.0,132.0,0.0,3.0,13.0,20.0,19.0,12.0,424.0,121.0,732.0177480830669,0,0,0,0.0,0.0
10,feign,feign.template.HeaderTemplateTest.append_should_preserve_order,6.0,1.0,0.16666666666666666,0.0,0.0,3,0.0,0,0.0,0.0,0.0,132.0,0.0,3.0,13.0,20.0,19.0,12.0,424.0,121.0,732.0177480830669,0,0,0,0.0,0.0
10,feign,feign.template.HeaderTemplateTest.it_should_support_http_date,4.0,1.0,0.0,0.0,0.0,2,0.0,0,0.0,0.0,0.0,132.0,0.0,3.0,13.0,20.0,19.0,12.0,424.0,121.0,732.0177480830669,0,0,0,0.0,0.0
10,feign,feign.template.QueryTemplateTest.templateToQueryString,4.0,1.0,0.0,0.0,0.0,4,1.0,0,0.0,0.0,0.0,226.0,0.0,1.0,15.0,31.0,33.0,22.0,644.0,147.0,950.75171273734,0,0,0,0.0,0.0
10,feign,feign.template.QueryTemplateTest.expandEmptyCollection,5.0,1.0,0.0,0.0,0.0,4,0.0,0,0.0,0.0,0.0,226.0,0.0,1.0,15.0,31.0,33.0,22.0,644.0,147.0,950.75171273734,0,0,0,0.0,0.0
10,feign,feign.template.QueryTemplateTest.expandCollection,5.0,1.0,0.0,0.0,0.0,4,0.0,0,0.0,0.0,0.0,226.0,0.0,1.0,15.0,31.0,33.0,22.0,644.0,147.0,950.75171273734,0,0,0,0.0,0.0
10,feign,feign.template.QueryTemplateTest.expandCollectionWithBlanks,5.0,1.0,0.0,0.0,0.0,4,0.0,0,0.0,0.0,0.0,226.0,0.0,1.0,15.0,31.0,33.0,22.0,644.0,147.0,950.75171273734,0,0,0,0.0,0.0
10,feign,feign.template.QueryTemplateTest.expandSingleValue,5.0,1.0,0.0,0.0,0.0,4,0.0,0,0.0,0.0,0.0,226.0,0.0,1.0,15.0,31.0,33.0,22.0,644.0,147.0,950.75171273734,0,0,0,0.0,0.0
10,feign,feign.template.QueryTemplateTest.expandMultipleValues,5.0,1.0,0.0,0.0,0.0,4,0.0,0,0.0,0.0,0.0,226.0,0.0,1.0,15.0,31.0,33.0,22.0,644.0,147.0,950.75171273734,0,0,0,0.0,0.0
10,feign,feign.template.QueryTemplateTest.unresolvedQuery,5.0,1.0,0.0,1.0,0.0,4,0.0,0,0.0,0.0,0.0,226.0,0.0,1.0,15.0,31.0,33.0,22.0,644.0,147.0,950.75171273734,0,0,0,0.0,0.0
10,feign,feign.template.QueryTemplateTest.unresolvedMultiValueQueryTemplates,5.0,1.0,0.0,1.0,0.0,4,0.0,0,0.0,0.0,0.0,226.0,0.0,1.0,15.0,31.0,33.0,22.0,644.0,147.0,950.75171273734,0,0,0,0.0,0.0
10,feign,feign.template.QueryTemplateTest.explicitNullValuesAreRemoved,5.0,1.0,0.0,1.0,0.0,4,0.0,0,0.0,0.0,0.0,226.0,0.0,1.0,15.0,31.0,33.0,22.0,644.0,147.0,950.75171273734,0,0,0,0.0,0.0
10,feign,feign.template.QueryTemplateTest.emptyParameterRemains,5.0,1.0,0.0,0.0,0.0,4,0.0,0,0.0,0.0,0.0,226.0,0.0,1.0,15.0,31.0,33.0,22.0,644.0,147.0,950.75171273734,0,0,0,0.0,0.0
10,feign,feign.template.QueryTemplateTest.collectionFormat,5.0,1.0,0.0,0.0,0.0,4,0.0,0,0.0,0.0,0.0,226.0,0.0,1.0,15.0,31.0,33.0,22.0,644.0,147.0,950.75171273734,0,0,0,0.0,0.0
10,feign,feign.template.QueryTemplateTest.expandName,5.0,1.0,0.0,0.0,0.0,4,0.0,0,0.0,0.0,0.0,226.0,0.0,1.0,15.0,31.0,33.0,22.0,644.0,147.0,950.75171273734,0,0,0,0.0,0.0
10,feign,feign.template.QueryTemplateTest.expandPureParameter,5.0,1.0,0.0,0.0,0.0,4,0.0,0,0.0,0.0,0.0,226.0,0.0,1.0,15.0,31.0,33.0,22.0,644.0,147.0,950.75171273734,0,0,0,0.0,0.0
10,feign,feign.template.QueryTemplateTest.expandPureParameterWithSlash,5.0,1.0,0.0,0.0,0.0,4,0.0,0,0.0,0.0,0.0,226.0,0.0,1.0,15.0,31.0,33.0,22.0,644.0,147.0,950.75171273734,0,0,0,0.0,0.0
10,feign,feign.template.QueryTemplateTest.expandNameUnresolved,5.0,1.0,0.0,0.0,0.0,4,0.0,0,0.0,0.0,0.0,226.0,0.0,1.0,15.0,31.0,33.0,22.0,644.0,147.0,950.75171273734,0,0,0,0.0,0.0
10,feign,feign.template.QueryTemplateTest.expandSingleValueWithComma,5.0,1.0,0.0,0.0,0.0,4,0.0,0,0.0,0.0,0.0,226.0,0.0,1.0,15.0,31.0,33.0,22.0,644.0,147.0,950.75171273734,0,0,0,0.0,0.0
10,feign,feign.template.QueryTemplateTest.expandSingleValueWithPipe,5.0,1.0,0.0,0.0,0.0,4,0.0,0,0.0,0.0,0.0,226.0,0.0,1.0,15.0,31.0,33.0,22.0,644.0,147.0,950.75171273734,0,0,0,0.0,0.0
10,feign,feign.template.QueryTemplateTest.expandSingleValueWithSpace,5.0,1.0,0.0,0.0,0.0,4,0.0,0,0.0,0.0,0.0,226.0,0.0,1.0,15.0,31.0,33.0,22.0,644.0,147.0,950.75171273734,0,0,0,0.0,0.0
10,feign,feign.template.QueryTemplateTest.expandSingleValueWithTab,5.0,1.0,0.0,0.0,0.0,4,0.0,0,0.0,0.0,0.0,226.0,0.0,1.0,15.0,31.0,33.0,22.0,644.0,147.0,950.75171273734,0,0,0,0.0,0.0
10,feign,feign.template.QueryTemplateTest.expandSingleValueWithJson,5.0,1.0,0.0,0.0,0.0,4,0.0,0,0.0,0.0,0.0,226.0,0.0,1.0,15.0,31.0,33.0,22.0,644.0,147.0,950.75171273734,0,0,0,0.0,0.0
10,feign,feign.template.QueryTemplateTest.expandCollectionValueWithBrackets,5.0,1.0,0.0,0.0,0.0,4,0.0,0,0.0,0.0,0.0,226.0,0.0,1.0,15.0,31.0,33.0,22.0,644.0,147.0,950.75171273734,0,0,0,0.0,0.0
10,feign,feign.template.QueryTemplateTest.expandCollectionValueWithDollar,5.0,1.0,0.0,0.0,0.0,4,0.0,0,0.0,0.0,0.0,226.0,0.0,1.0,15.0,31.0,33.0,22.0,644.0,147.0,950.75171273734,0,0,0,0.0,0.0
10,feign,feign.template.UriTemplateTest.emptyRelativeTemplate,5.0,1.0,0.0,0.0,0.0,2,0.0,0,0.0,0.0,0.0,75.0,6.0,0.0,1.0,11.0,7.0,3.0,252.0,97.0,536.354621488608,0,0,0,0.0,0.0
10,feign,feign.template.UriTemplateTest.nullTemplate,3.0,1.0,0.0,0.0,0.0,0,0.0,0,0.0,0.0,0.0,75.0,6.0,0.0,1.0,11.0,7.0,3.0,252.0,97.0,536.354621488608,0,0,0,0.0,0.0
10,feign,feign.template.UriTemplateTest.emptyTemplate,3.0,1.0,0.0,0.0,0.0,0,0.0,0,0.0,0.0,0.0,75.0,6.0,0.0,1.0,11.0,7.0,3.0,252.0,97.0,536.354621488608,0,0,0,0.0,0.0
10,feign,feign.template.UriTemplateTest.simpleTemplate,11.0,1.0,0.18181818181818182,1.0,0.0,2,0.0,0,0.0,0.0,0.0,75.0,6.0,0.0,1.0,11.0,7.0,3.0,252.0,97.0,536.354621488608,0,0,0,0.0,0.0
10,feign,feign.template.UriTemplateTest.simpleTemplateMultipleExpressions,12.0,1.0,0.16666666666666666,1.0,0.0,2,0.0,0,0.0,0.0,0.0,75.0,6.0,0.0,1.0,11.0,7.0,3.0,252.0,97.0,536.354621488608,0,0,0,0.0,0.0
10,feign,feign.template.UriTemplateTest.simpleTemplateMultipleSequentialExpressions,13.0,1.0,0.15384615384615385,1.0,0.0,2,0.0,0,0.0,0.0,0.0,75.0,6.0,0.0,1.0,11.0,7.0,3.0,252.0,97.0,536.354621488608,0,0,0,0.0,0.0
10,feign,feign.template.UriTemplateTest.simpleTemplateUnresolvedVariablesAreRemoved,10.0,1.0,0.2,1.0,0.0,2,0.0,0,0.0,0.0,0.0,75.0,6.0,0.0,1.0,11.0,7.0,3.0,252.0,97.0,536.354621488608,0,0,0,0.0,0.0
10,feign,feign.template.UriTemplateTest.missingVariablesOnPathAreRemoved,10.0,1.0,0.2,1.0,0.0,2,0.0,0,0.0,0.0,0.0,75.0,6.0,0.0,1.0,11.0,7.0,3.0,252.0,97.0,536.354621488608,0,0,0,0.0,0.0
10,feign,feign.template.UriTemplateTest.simpleTemplateWithRegularExpressions,11.0,1.0,0.18181818181818182,1.0,0.0,2,0.0,0,0.0,0.0,0.0,75.0,6.0,0.0,1.0,11.0,7.0,3.0,252.0,97.0,536.354621488608,0,0,0,0.0,0.0
10,feign,feign.template.UriTemplateTest.simpleTemplateWithRegularExpressionsValidation,10.0,1.0,0.0,0.0,0.0,2,0.0,0,0.0,0.0,0.0,75.0,6.0,0.0,1.0,11.0,7.0,3.0,252.0,97.0,536.354621488608,0,0,0,0.0,0.0
10,feign,feign.template.UriTemplateTest.nestedExpressionsAreLiterals,10.0,1.0,0.2,1.0,0.0,2,0.0,0,0.0,0.0,0.0,75.0,6.0,0.0,1.0,11.0,7.0,3.0,252.0,97.0,536.354621488608,0,0,0,0.0,0.0
10,feign,feign.template.UriTemplateTest.literalTemplate,7.0,1.0,0.14285714285714285,2.0,0.0,2,0.0,0,0.0,0.0,0.0,75.0,6.0,0.0,1.0,11.0,7.0,3.0,252.0,97.0,536.354621488608,0,0,0,0.0,0.0
10,feign,feign.template.UriTemplateTest.rejectEmptyExpressions,5.0,1.0,0.0,0.0,0.0,2,0.0,0,0.0,0.0,0.0,75.0,6.0,0.0,1.0,11.0,7.0,3.0,252.0,97.0,536.354621488608,0,0,0,0.0,0.0
10,feign,feign.template.UriTemplateTest.testToString,5.0,1.0,0.0,1.0,0.0,2,1.0,0,0.0,0.0,0.0,75.0,6.0,0.0,1.0,11.0,7.0,3.0,252.0,97.0,536.354621488608,0,0,0,0.0,0.0
10,feign,feign.template.UriTemplateTest.encodeVariables,9.0,1.0,0.0,0.0,0.0,2,0.0,0,0.0,0.0,0.0,75.0,6.0,0.0,1.0,11.0,7.0,3.0,252.0,97.0,536.354621488608,0,0,0,0.0,0.0
10,feign,feign.template.UriTemplateTest.encodeLiterals,6.0,1.0,0.0,0.0,0.0,2,0.0,0,0.0,0.0,0.0,75.0,6.0,0.0,1.0,11.0,7.0,3.0,252.0,97.0,536.354621488608,0,0,0,0.0,0.0
10,feign,feign.template.UriTemplateTest.ensurePlusIsSupportedOnPath,6.0,1.0,0.0,0.0,0.0,2,0.0,0,0.0,0.0,0.0,75.0,6.0,0.0,1.0,11.0,7.0,3.0,252.0,97.0,536.354621488608,0,0,0,0.0,0.0
10,feign,feign.template.UriTemplateTest.ensurePlusInEncodedAs2BOnQuery,7.0,1.0,0.0,0.0,0.0,2,0.0,0,0.0,0.0,0.0,75.0,6.0,0.0,1.0,11.0,7.0,3.0,252.0,97.0,536.354621488608,0,0,0,0.0,0.0
10,feign,feign.template.UriTemplateTest.incompleteTemplateIsALiteral,5.0,1.0,0.0,0.0,0.0,2,0.0,0,0.0,0.0,0.0,75.0,6.0,0.0,1.0,11.0,7.0,3.0,252.0,97.0,536.354621488608,0,0,0,0.0,0.0
10,feign,feign.template.UriTemplateTest.substituteNullMap,3.0,1.0,0.0,0.0,0.0,2,0.0,0,0.0,0.0,0.0,75.0,6.0,0.0,1.0,11.0,7.0,3.0,252.0,97.0,536.354621488608,0,0,0,0.0,0.0
10,feign,feign.template.UriTemplateTest.skipAlreadyEncodedLiteral,6.0,1.0,0.0,0.0,0.0,2,0.0,0,0.0,0.0,0.0,75.0,6.0,0.0,1.0,11.0,7.0,3.0,252.0,97.0,536.354621488608,0,0,0,0.0,0.0
10,feign,feign.template.UriTemplateTest.skipAlreadyEncodedVariable,8.0,1.0,0.0,0.0,0.0,2,0.0,0,0.0,0.0,0.0,75.0,6.0,0.0,1.0,11.0,7.0,3.0,252.0,97.0,536.354621488608,0,0,0,0.0,0.0
10,feign,feign.template.UriTemplateTest.skipSlashes,8.0,1.0,0.0,0.0,0.0,2,0.0,0,0.0,0.0,0.0,75.0,6.0,0.0,1.0,11.0,7.0,3.0,252.0,97.0,536.354621488608,0,0,0,0.0,0.0
10,feign,feign.template.UriTemplateTest.encodeSlashes,8.0,1.0,0.0,0.0,0.0,2,0.0,0,0.0,0.0,0.0,75.0,6.0,0.0,1.0,11.0,7.0,3.0,252.0,97.0,536.354621488608,0,0,0,0.0,0.0
10,feign,feign.template.UriTemplateTest.testLiteralTemplateWithQueryString,6.0,1.0,0.0,0.0,0.0,2,0.0,0,0.0,0.0,0.0,75.0,6.0,0.0,1.0,11.0,7.0,3.0,252.0,97.0,536.354621488608,0,0,0,0.0,0.0
10,feign,feign.template.UriTemplateTest.encodeReserved,6.0,1.0,0.0,0.0,0.0,2,0.0,0,0.0,0.0,0.0,75.0,6.0,0.0,1.0,11.0,7.0,3.0,252.0,97.0,536.354621488608,0,0,0,0.0,0.0
10,feign,feign.template.UriUtilsTest.pctEncode,7.0,1.0,0.0,0.0,0.0,4,0.0,0,0.0,0.0,0.0,220.0,134.0,0.0,8.0,51.0,56.0,39.0,990.0,238.0,1641.6537764646152,0,0,0,0.0,0.0
10,feign,feign.template.UriUtilsTest.pctEncodeWithReservedCharacters,8.0,1.0,0.0,0.0,0.0,4,0.0,0,0.0,0.0,0.0,220.0,134.0,0.0,8.0,51.0,56.0,39.0,990.0,238.0,1641.6537764646152,0,0,0,0.0,0.0
10,feign,feign.example.github.GitHubExampleIT.runMain,2.0,2.0,0.0,0.0,0.0,0,0.0,0,0.0,0.0,0.0,45.0,0.0,0.0,7.0,2.0,1.0,0.0,22.0,20.0,61.82084906716632,0,0,1,0.0,0.0
10,feign,feign.example.wikipedia.WikipediaExampleIT.runMain,2.0,2.0,0.0,0.0,0.0,0,0.0,0,0.0,0.0,0.0,45.0,0.0,0.0,7.0,2.0,1.0,0.0,22.0,20.0,61.82084906716632,0,0,1,0.0,0.0
10,feign,feign.hc5.ApacheHttp5ClientTest.newBuilder,3.0,2.0,0.0,0.0,0.0,0,0.0,0,0.0,0.0,0.0,234.0,85.0,12.0,19.0,46.0,97.0,83.0,969.0,224.0,1540.2832730635316,0,0,0,0.0,0.0
10,feign,feign.hc5.ApacheHttp5ClientTest.queryParamsAreRespectedWhenBodyIsEmpty,14.0,2.0,0.35714285714285715,0.0,0.0,0,0.0,0,0.0,0.0,0.0,234.0,85.0,12.0,19.0,46.0,97.0,83.0,969.0,224.0,1540.2832730635316,0,0,0,0.0,0.0
10,feign,feign.hc5.ApacheHttp5ClientTest.testVeryLongResponseNullLength,3.0,1.0,0.0,0.0,0.0,0,0.0,0,0.0,0.0,0.0,234.0,85.0,12.0,19.0,46.0,97.0,83.0,969.0,224.0,1540.2832730635316,0,0,0,0.0,0.0
10,feign,feign.hc5.ApacheHttp5ClientTest.testContentTypeDefaultsToRequestCharset,3.0,2.0,0.0,0.0,0.0,0,0.0,0,0.0,0.0,0.0,234.0,85.0,12.0,19.0,46.0,97.0,83.0,969.0,224.0,1540.2832730635316,0,0,0,0.0,0.0
10,feign,feign.hc5.AsyncApacheHttp5ClientTest.iterableQueryParams,6.0,2.0,0.0,0.0,0.0,0,0.0,0,0.0,0.0,0.0,196.0,24.0,7.0,15.0,23.0,65.0,56.0,575.0,148.0,940.4467660380079,0,0,0,0.0,0.0
10,feign,feign.hc5.AsyncApacheHttp5ClientTest.postTemplateParamsResolve,6.0,2.0,0.0,0.0,0.0,0,0.0,0,0.0,0.0,0.0,196.0,24.0,7.0,15.0,23.0,65.0,56.0,575.0,148.0,940.4467660380079,0,0,0,0.0,0.0
10,feign,feign.hc5.AsyncApacheHttp5ClientTest.postFormParams,7.0,3.0,0.0,0.0,0.0,0,0.0,0,1.0,0.0,0.0,196.0,24.0,7.0,15.0,23.0,65.0,56.0,575.0,148.0,940.4467660380079,0,0,0,0.0,0.0
10,feign,feign.hc5.AsyncApacheHttp5ClientTest.postBodyParam,7.0,2.0,0.0,0.0,0.0,0,0.0,0,0.0,0.0,0.0,196.0,24.0,7.0,15.0,23.0,65.0,56.0,575.0,148.0,940.4467660380079,0,0,0,0.0,0.0
10,feign,feign.hc5.AsyncApacheHttp5ClientTest.bodyTypeCorrespondsWithParameterType,20.0,2.0,0.0,1.0,0.0,0,0.0,0,0.0,0.0,0.0,196.0,24.0,7.0,15.0,23.0,65.0,56.0,575.0,148.0,940.4467660380079,0,0,0,0.0,0.0
10,feign,feign.hc5.AsyncApacheHttp5ClientTest.encode,3.0,1.0,0.0,0.0,0.0,0,0.0,0,0.0,0.0,0.0,196.0,24.0,7.0,15.0,23.0,65.0,56.0,575.0,148.0,940.4467660380079,0,0,0,0.0,0.0
10,feign,feign.hc5.AsyncApacheHttp5ClientTest.singleInterceptor,7.0,2.0,0.0,0.0,0.0,0,0.0,0,0.0,0.0,0.0,196.0,24.0,7.0,15.0,23.0,65.0,56.0,575.0,148.0,940.4467660380079,0,0,0,0.0,0.0
10,feign,feign.hc5.AsyncApacheHttp5ClientTest.multipleInterceptor,7.0,2.0,0.0,0.0,0.0,0,0.0,0,0.0,0.0,0.0,196.0,24.0,7.0,15.0,23.0,65.0,56.0,575.0,148.0,940.4467660380079,0,0,0,0.0,0.0
10,feign,feign.hc5.AsyncApacheHttp5ClientTest.customExpander,7.0,2.0,0.0,0.0,0.0,0,0.0,0,0.0,0.0,0.0,196.0,24.0,7.0,15.0,23.0,65.0,56.0,575.0,148.0,940.4467660380079,0,0,0,0.0,0.0
10,feign,feign.hc5.AsyncApacheHttp5ClientTest.customExpanderListParam,7.0,2.0,0.0,0.0,0.0,0,0.0,0,0.0,0.0,0.0,196.0,24.0,7.0,15.0,23.0,65.0,56.0,575.0,148.0,940.4467660380079,0,0,0,0.0,0.0
10,feign,feign.hc5.AsyncApacheHttp5ClientTest.customExpanderNullParam,7.0,2.0,0.0,0.0,0.0,0,0.0,0,0.0,0.0,0.0,196.0,24.0,7.0,15.0,23.0,65.0,56.0,575.0,148.0,940.4467660380079,0,0,0,0.0,0.0
10,feign,feign.hc5.AsyncApacheHttp5ClientTest.headerMap,10.0,2.0,0.0,0.0,0.0,0,0.0,0,0.0,0.0,0.0,196.0,24.0,7.0,15.0,23.0,65.0,56.0,575.0,148.0,940.4467660380079,0,0,0,0.0,0.0
10,feign,feign.hc5.AsyncApacheHttp5ClientTest.headerMapWithHeaderAnnotations,13.0,2.0,0.07692307692307693,0.0,0.0,0,0.0,0,0.0,0.0,0.0,196.0,24.0,7.0,15.0,23.0,65.0,56.0,575.0,148.0,940.4467660380079,0,0,0,0.0,0.0
10,feign,feign.hc5.AsyncApacheHttp5ClientTest.queryMap,10.0,2.0,0.0,0.0,0.0,0,0.0,0,0.0,0.0,0.0,196.0,24.0,7.0,15.0,23.0,65.0,56.0,575.0,148.0,940.4467660380079,0,0,0,0.0,0.0
10,feign,feign.hc5.AsyncApacheHttp5ClientTest.queryMapIterableValuesExpanded,12.0,2.0,0.0,0.0,0.0,0,0.0,0,0.0,0.0,0.0,196.0,24.0,7.0,15.0,23.0,65.0,56.0,575.0,148.0,940.4467660380079,0,0,0,0.0,0.0
10,feign,feign.hc5.AsyncApacheHttp5ClientTest.queryMapWithQueryParams,18.0,2.0,0.1111111111111111,0.0,0.0,0,0.0,0,0.0,0.0,0.0,196.0,24.0,7.0,15.0,23.0,65.0,56.0,575.0,148.0,940.4467660380079,0,0,0,0.0,0.0
10,feign,feign.hc5.AsyncApacheHttp5ClientTest.queryMapValueStartingWithBrace,23.0,2.0,0.13043478260869565,0.0,0.0,0,0.0,0,0.0,0.0,0.0,196.0,24.0,7.0,15.0,23.0,65.0,56.0,575.0,148.0,940.4467660380079,0,0,0,0.0,0.0
10,feign,feign.hc5.AsyncApacheHttp5ClientTest.queryMapPojoWithFullParams,8.0,2.0,0.0,0.0,0.0,0,0.0,0,0.0,0.0,0.0,196.0,24.0,7.0,15.0,23.0,65.0,56.0,575.0,148.0,940.4467660380079,0,0,0,0.0,0.0
10,feign,feign.hc5.AsyncApacheHttp5ClientTest.queryMapPojoWithPartialParams,8.0,2.0,0.0,0.0,0.0,0,0.0,0,0.0,0.0,0.0,196.0,24.0,7.0,15.0,23.0,65.0,56.0,575.0,148.0,940.4467660380079,0,0,0,0.0,0.0
10,feign,feign.hc5.AsyncApacheHttp5ClientTest.queryMapPojoWithEmptyParams,7.0,2.0,0.0,0.0,0.0,0,0.0,0,0.0,0.0,0.0,196.0,24.0,7.0,15.0,23.0,65.0,56.0,575.0,148.0,940.4467660380079,0,0,0,0.0,0.0
10,feign,feign.hc5.AsyncApacheHttp5ClientTest.configKeyFormatsAsExpected,4.0,2.0,0.25,0.0,0.0,0,0.0,0,0.0,0.0,0.0,196.0,24.0,7.0,15.0,23.0,65.0,56.0,575.0,148.0,940.4467660380079,0,0,0,0.0,0.0
10,feign,feign.hc5.AsyncApacheHttp5ClientTest.configKeyUsesChildType,3.0,2.0,0.0,0.0,0.0,0,0.0,0,0.0,0.0,0.0,196.0,24.0,7.0,15.0,23.0,65.0,56.0,575.0,148.0,940.4467660380079,0,0,0,0.0,0.0
10,feign,feign.hc5.AsyncApacheHttp5ClientTest.unwrap,8.0,4.0,0.0,0.0,0.0,0,0.0,0,0.0,0.0,0.0,196.0,24.0,7.0,15.0,23.0,65.0,56.0,575.0,148.0,940.4467660380079,0,0,0,0.0,0.0
10,feign,feign.hc5.AsyncApacheHttp5ClientTest.canOverrideErrorDecoder,7.0,2.0,0.0,0.0,0.0,0,0.0,0,0.0,0.0,0.0,196.0,24.0,7.0,15.0,23.0,65.0,56.0,575.0,148.0,940.4467660380079,0,0,0,0.0,0.0
10,feign,feign.hc5.AsyncApacheHttp5ClientTest.overrideTypeSpecificDecoder,2.0,3.0,0.0,0.0,0.0,0,0.0,0,0.0,0.0,0.0,196.0,24.0,7.0,15.0,23.0,65.0,56.0,575.0,148.0,940.4467660380079,0,0,0,0.0,0.0
10,feign,feign.hc5.AsyncApacheHttp5ClientTest.doesntRetryAfterResponseIsSent,2.0,2.0,0.0,0.0,0.0,0,0.0,0,0.0,0.0,0.0,196.0,24.0,7.0,15.0,23.0,65.0,56.0,575.0,148.0,940.4467660380079,0,0,0,0.0,0.0
10,feign,feign.hc5.AsyncApacheHttp5ClientTest.throwsFeignExceptionIncludingBody,2.0,2.0,0.0,0.0,0.0,0,0.0,0,0.0,0.0,0.0,196.0,24.0,7.0,15.0,23.0,65.0,56.0,575.0,148.0,940.4467660380079,0,0,0,0.0,0.0
10,feign,feign.hc5.AsyncApacheHttp5ClientTest.throwsFeignExceptionWithoutBody,2.0,2.0,0.0,0.0,0.0,0,0.0,0,0.0,0.0,0.0,196.0,24.0,7.0,15.0,23.0,65.0,56.0,575.0,148.0,940.4467660380079,0,0,0,0.0,0.0
10,feign,feign.hc5.AsyncApacheHttp5ClientTest.whenReturnTypeIsResponseNoErrorHandling,2.0,2.0,0.0,0.0,0.0,0,0.0,0,0.0,0.0,0.0,196.0,24.0,7.0,15.0,23.0,65.0,56.0,575.0,148.0,940.4467660380079,0,0,0,0.0,0.0
10,feign,feign.hc5.AsyncApacheHttp5ClientTest.okIfDecodeRootCauseHasNoMessage,2.0,2.0,0.0,0.0,0.0,0,0.0,0,0.0,0.0,0.0,196.0,24.0,7.0,15.0,23.0,65.0,56.0,575.0,148.0,940.4467660380079,0,0,0,0.0,0.0
10,feign,feign.hc5.AsyncApacheHttp5ClientTest.decodingExceptionGetWrappedInDecode404Mode,2.0,2.0,0.0,0.0,0.0,0,0.0,0,0.0,0.0,0.0,196.0,24.0,7.0,15.0,23.0,65.0,56.0,575.0,148.0,940.4467660380079,0,0,0,0.0,0.0
10,feign,feign.hc5.AsyncApacheHttp5ClientTest.decodingDoesNotSwallow404ErrorsInDecode404Mode,8.0,2.0,0.0,0.0,0.0,0,0.0,0,0.0,0.0,0.0,196.0,24.0,7.0,15.0,23.0,65.0,56.0,575.0,148.0,940.4467660380079,0,0,0,0.0,0.0
10,feign,feign.hc5.AsyncApacheHttp5ClientTest.okIfEncodeRootCauseHasNoMessage,2.0,2.0,0.0,0.0,0.0,0,0.0,0,0.0,0.0,0.0,196.0,24.0,7.0,15.0,23.0,65.0,56.0,575.0,148.0,940.4467660380079,0,0,0,0.0,0.0
10,feign,feign.hc5.AsyncApacheHttp5ClientTest.equalsHashCodeAndToStringWork,15.0,1.0,0.3333333333333333,6.0,0.0,0,2.0,0,0.0,0.0,0.0,196.0,24.0,7.0,15.0,23.0,65.0,56.0,575.0,148.0,940.4467660380079,0,0,0,0.0,0.0
10,feign,feign.hc5.AsyncApacheHttp5ClientTest.decodeLogicSupportsByteArray,6.0,2.0,0.0,1.0,0.0,0,0.0,0,0.0,0.0,0.0,196.0,24.0,7.0,15.0,23.0,65.0,56.0,575.0,148.0,940.4467660380079,0,0,0,0.0,0.0
10,feign,feign.hc5.AsyncApacheHttp5ClientTest.encodeLogicSupportsByteArray,8.0,2.0,0.0,1.0,0.0,0,0.0,0,0.0,0.0,0.0,196.0,24.0,7.0,15.0,23.0,65.0,56.0,575.0,148.0,940.4467660380079,0,0,0,0.0,0.0
10,feign,feign.hc5.AsyncApacheHttp5ClientTest.encodedQueryParam,7.0,2.0,0.0,0.0,0.0,0,0.0,0,0.0,0.0,0.0,196.0,24.0,7.0,15.0,23.0,65.0,56.0,575.0,148.0,940.4467660380079,0,0,0,0.0,0.0
10,feign,feign.hc5.AsyncApacheHttp5ClientTest.checkCFCompletedSoon,11.0,3.0,0.0,0.0,0.0,0,0.0,0,0.0,0.0,0.0,196.0,24.0,7.0,15.0,23.0,65.0,56.0,575.0,148.0,940.4467660380079,0,0,0,0.0,0.0
10,feign,feign.hc5.AsyncApacheHttp5ClientTest.responseMapperIsAppliedBeforeDelegate,5.0,3.0,0.0,0.0,0.0,0,0.0,0,1.0,0.0,0.0,196.0,24.0,7.0,15.0,23.0,65.0,56.0,575.0,148.0,940.4467660380079,0,0,0,0.0,0.0
10,feign,feign.hc5.AsyncApacheHttp5ClientTest.upperCaseResponseMapper,13.0,4.0,0.0,0.0,0.0,0,0.0,0,0.0,0.0,0.0,196.0,24.0,7.0,15.0,23.0,65.0,56.0,575.0,148.0,940.4467660380079,0,0,0,0.0,0.0
10,feign,feign.hc5.AsyncApacheHttp5ClientTest.map,8.0,4.0,0.0,0.0,0.0,0,0.0,0,0.0,0.0,0.0,196.0,24.0,7.0,15.0,23.0,65.0,56.0,575.0,148.0,940.4467660380079,0,0,0,0.0,0.0
10,feign,feign.hc5.AsyncApacheHttp5ClientTest.responseWithText,3.0,2.0,0.0,0.0,0.0,0,0.0,0,0.0,0.0,0.0,196.0,24.0,7.0,15.0,23.0,65.0,56.0,575.0,148.0,940.4467660380079,0,0,0,0.0,0.0
10,feign,feign.hc5.AsyncApacheHttp5ClientTest.mapAndDecodeExecutesMapFunction,5.0,2.0,0.0,0.0,0.0,0,0.0,0,0.0,0.0,0.0,196.0,24.0,7.0,15.0,23.0,65.0,56.0,575.0,148.0,940.4467660380079,0,0,0,0.0,0.0
10,feign,feign.hc5.AsyncApacheHttp5ClientTest.beanQueryMapEncoderWithPrivateGetterIgnored,11.0,2.0,0.0,0.0,0.0,0,0.0,0,0.0,0.0,0.0,196.0,24.0,7.0,15.0,23.0,65.0,56.0,575.0,148.0,940.4467660380079,0,0,0,0.0,0.0
10,feign,feign.hc5.AsyncApacheHttp5ClientTest.queryMap_with_child_pojo,11.0,2.0,0.0,0.0,0.0,0,0.0,0,0.0,0.0,0.0,196.0,24.0,7.0,15.0,23.0,65.0,56.0,575.0,148.0,940.4467660380079,0,0,0,0.0,0.0
10,feign,feign.hc5.AsyncApacheHttp5ClientTest.beanQueryMapEncoderWithNullValueIgnored,10.0,2.0,0.0,0.0,0.0,0,0.0,0,0.0,0.0,0.0,196.0,24.0,7.0,15.0,23.0,65.0,56.0,575.0,148.0,940.4467660380079,0,0,0,0.0,0.0
10,feign,feign.hc5.AsyncApacheHttp5ClientTest.beanQueryMapEncoderWithEmptyParams,8.0,2.0,0.0,0.0,0.0,0,0.0,0,0.0,0.0,0.0,196.0,24.0,7.0,15.0,23.0,65.0,56.0,575.0,148.0,940.4467660380079,0,0,0,0.0,0.0
10,feign,feign.httpclient.ApacheHttpClientTest.newBuilder,3.0,2.0,0.0,0.0,0.0,0,0.0,0,0.0,0.0,0.0,239.0,72.0,11.0,34.0,44.0,92.0,79.0,903.0,214.0,1456.4246264312349,0,0,0,0.0,0.0
10,feign,feign.httpclient.ApacheHttpClientTest.queryParamsAreRespectedWhenBodyIsEmpty,14.0,2.0,0.35714285714285715,0.0,0.0,0,0.0,0,0.0,0.0,0.0,239.0,72.0,11.0,34.0,44.0,92.0,79.0,903.0,214.0,1456.4246264312349,0,0,0,0.0,0.0
10,feign,feign.hystrix.FallbackFactoryTest.fallbackFactory_example_lambda,2.0,1.0,0.0,0.0,0.0,0,0.0,0,0.0,0.0,0.0,83.0,0.0,0.0,4.0,2.0,1.0,0.0,278.0,115.0,647.1764280744233,0,0,1,0.0,0.0
10,feign,feign.hystrix.FallbackFactoryTest.fallbackFactory_example_ctor,2.0,1.0,0.0,0.0,0.0,0,0.0,0,0.0,0.0,0.0,83.0,0.0,0.0,4.0,2.0,1.0,0.0,278.0,115.0,647.1764280744233,0,0,1,0.0,0.0
10,feign,feign.hystrix.FallbackFactoryTest.fallbackFactory_example_retro,5.0,1.0,0.0,0.0,0.0,0,0.0,0,0.0,0.0,0.0,83.0,0.0,0.0,4.0,2.0,1.0,0.0,278.0,115.0,647.1764280744233,0,0,1,0.0,0.0
10,feign,feign.hystrix.FallbackFactoryTest.defaultFallbackFactory_delegates,2.0,1.0,0.0,0.0,0.0,0,0.0,0,0.0,0.0,0.0,83.0,0.0,0.0,4.0,2.0,1.0,0.0,278.0,115.0,647.1764280744233,0,0,1,0.0,0.0
10,feign,feign.hystrix.FallbackFactoryTest.defaultFallbackFactory_doesntLogByDefault,2.0,1.0,0.0,0.0,0.0,0,0.0,0,0.0,0.0,0.0,83.0,0.0,0.0,4.0,2.0,1.0,0.0,278.0,115.0,647.1764280744233,0,0,1,0.0,0.0
10,feign,feign.hystrix.FallbackFactoryTest.defaultFallbackFactory_logsAtFineLevel,2.0,1.0,0.0,0.0,0.0,0,0.0,0,0.0,0.0,0.0,83.0,0.0,0.0,4.0,2.0,1.0,0.0,278.0,115.0,647.1764280744233,0,0,1,0.0,0.0
10,feign,feign.hystrix.FallbackFactoryTest.target,3.0,2.0,0.0,0.0,0.0,0,0.0,0,0.0,0.0,0.0,83.0,0.0,0.0,4.0,2.0,1.0,0.0,278.0,115.0,647.1764280744233,0,0,1,0.0,0.0
10,feign,feign.hystrix.SetterFactoryTest.customSetter,2.0,1.0,0.0,0.0,0.0,0,0.0,0,0.0,0.0,0.0,58.0,0.0,0.0,6.0,2.0,1.0,0.0,166.0,95.0,485.63883989387165,0,0,1,0.0,0.0
10,feign,feign.http2client.test.Http2ClientTest.testPatch,4.0,2.0,0.25,0.0,0.0,0,0.0,0,0.0,0.0,0.0,249.0,72.0,12.0,34.0,24.0,75.0,62.0,440.0,169.0,1028.66492884818,0,0,0,0.0,0.0
10,feign,feign.http2client.test.Http2ClientTest.noResponseBodyForPatch,4.0,1.0,0.25,0.0,0.0,0,0.0,0,0.0,0.0,0.0,249.0,72.0,12.0,34.0,24.0,75.0,62.0,440.0,169.0,1028.66492884818,0,0,0,0.0,0.0
10,feign,feign.http2client.test.Http2ClientTest.reasonPhraseIsOptional,7.0,2.0,0.14285714285714285,1.0,0.0,0,0.0,0,0.0,0.0,0.0,249.0,72.0,12.0,34.0,24.0,75.0,62.0,440.0,169.0,1028.66492884818,0,0,0,0.0,0.0
10,feign,feign.http2client.test.Http2ClientTest.testVeryLongResponseNullLength,2.0,1.0,0.0,0.0,0.0,0,0.0,0,0.0,0.0,0.0,249.0,72.0,12.0,34.0,24.0,75.0,62.0,440.0,169.0,1028.66492884818,0,0,0,0.0,0.0
10,feign,feign.http2client.test.Http2ClientTest.timeoutTest,7.0,2.0,0.0,0.0,0.0,0,0.0,0,0.0,0.0,0.0,249.0,72.0,12.0,34.0,24.0,75.0,62.0,440.0,169.0,1028.66492884818,0,0,0,0.0,0.0
10,feign,feign.http2client.test.Http2ClientTest.newBuilder,3.0,2.0,0.0,0.0,0.0,0,0.0,0,0.0,0.0,0.0,249.0,72.0,12.0,34.0,24.0,75.0,62.0,440.0,169.0,1028.66492884818,0,0,0,0.0,0.0
10,feign,feign.jaxb.JAXBContextFactoryTest.buildsMarshallerWithJAXBEncodingProperty,5.0,2.0,0.0,0.0,0.0,1,0.0,0,0.0,0.0,0.0,175.0,13.0,5.0,10.0,19.0,20.0,14.0,764.0,195.0,1294.5207188874715,0,0,0,0.0,0.0
10,feign,feign.jaxb.JAXBContextFactoryTest.buildsMarshallerWithSchemaLocationProperty,5.0,2.0,0.0,0.0,0.0,1,0.0,0,0.0,0.0,0.0,175.0,13.0,5.0,10.0,19.0,20.0,14.0,764.0,195.0,1294.5207188874715,0,0,0,0.0,0.0
10,feign,feign.jaxb.JAXBContextFactoryTest.buildsMarshallerWithNoNamespaceSchemaLocationProperty,5.0,2.0,0.0,0.0,0.0,1,0.0,0,0.0,0.0,0.0,175.0,13.0,5.0,10.0,19.0,20.0,14.0,764.0,195.0,1294.5207188874715,0,0,0,0.0,0.0
10,feign,feign.jaxb.JAXBContextFactoryTest.buildsMarshallerWithFormattedOutputProperty,5.0,2.0,0.0,1.0,0.0,1,0.0,0,0.0,0.0,0.0,175.0,13.0,5.0,10.0,19.0,20.0,14.0,764.0,195.0,1294.5207188874715,0,0,0,0.0,0.0
10,feign,feign.jaxb.JAXBContextFactoryTest.buildsMarshallerWithFragmentProperty,5.0,2.0,0.0,1.0,0.0,1,0.0,0,0.0,0.0,0.0,175.0,13.0,5.0,10.0,19.0,20.0,14.0,764.0,195.0,1294.5207188874715,0,0,0,0.0,0.0
10,feign,feign.jaxb.JAXBContextFactoryTest.testPreloadCache,11.0,2.0,0.2727272727272727,4.0,0.0,0,0.0,0,0.0,0.0,0.0,175.0,13.0,5.0,10.0,19.0,20.0,14.0,764.0,195.0,1294.5207188874715,0,0,0,0.0,0.0
10,feign,feign.jaxrs.JAXRSContractTest.createContract,3.0,2.0,0.0,0.0,0.0,0,0.0,0,0.0,0.0,0.0,157.0,15.0,6.0,10.0,9.0,7.0,1.0,95.0,50.0,227.69384458002705,0,0,0,0.0,0.0
10,feign,feign.jaxrs.JAXRSContractTest.httpMethods,6.0,2.0,0.5,0.0,0.0,1,0.0,0,0.0,0.0,0.0,157.0,15.0,6.0,10.0,9.0,7.0,1.0,95.0,50.0,227.69384458002705,0,0,0,0.0,0.0
10,feign,feign.jaxrs.JAXRSContractTest.customMethodWithoutPath,3.0,2.0,0.0,0.0,0.0,1,0.0,0,0.0,0.0,0.0,157.0,15.0,6.0,10.0,9.0,7.0,1.0,95.0,50.0,227.69384458002705,0,0,0,0.0,0.0
10,feign,feign.jaxrs.JAXRSContractTest.queryParamsInPathExtract,7.0,2.0,0.5714285714285714,0.0,0.0,1,0.0,0,0.0,0.0,0.0,157.0,15.0,6.0,10.0,9.0,7.0,1.0,95.0,50.0,227.69384458002705,0,0,0,0.0,0.0
10,feign,feign.jaxrs.JAXRSContractTest.producesAddsAcceptHeader,4.0,2.0,0.0,0.0,0.0,1,0.0,0,0.0,0.0,0.0,157.0,15.0,6.0,10.0,9.0,7.0,1.0,95.0,50.0,227.69384458002705,0,0,0,0.0,0.0
10,feign,feign.jaxrs.JAXRSContractTest.producesMultipleAddsAcceptHeader,4.0,2.0,0.0,0.0,0.0,1,0.0,0,0.0,0.0,0.0,157.0,15.0,6.0,10.0,9.0,7.0,1.0,95.0,50.0,227.69384458002705,0,0,0,0.0,0.0
10,feign,feign.jaxrs.JAXRSContractTest.producesNada,5.0,2.0,0.0,0.0,0.0,1,0.0,0,0.0,0.0,0.0,157.0,15.0,6.0,10.0,9.0,7.0,1.0,95.0,50.0,227.69384458002705,0,0,0,0.0,0.0
10,feign,feign.jaxrs.JAXRSContractTest.producesEmpty,5.0,2.0,0.0,0.0,0.0,1,0.0,0,0.0,0.0,0.0,157.0,15.0,6.0,10.0,9.0,7.0,1.0,95.0,50.0,227.69384458002705,0,0,0,0.0,0.0
10,feign,feign.jaxrs.JAXRSContractTest.consumesAddsContentTypeHeader,4.0,2.0,0.0,0.0,0.0,1,0.0,0,0.0,0.0,0.0,157.0,15.0,6.0,10.0,9.0,7.0,1.0,95.0,50.0,227.69384458002705,0,0,0,0.0,0.0
10,feign,feign.jaxrs.JAXRSContractTest.consumesMultipleAddsContentTypeHeader,4.0,2.0,0.0,0.0,0.0,1,0.0,0,0.0,0.0,0.0,157.0,15.0,6.0,10.0,9.0,7.0,1.0,95.0,50.0,227.69384458002705,0,0,0,0.0,0.0
10,feign,feign.jaxrs.JAXRSContractTest.consumesNada,5.0,2.0,0.0,0.0,0.0,1,0.0,0,0.0,0.0,0.0,157.0,15.0,6.0,10.0,9.0,7.0,1.0,95.0,50.0,227.69384458002705,0,0,0,0.0,0.0
10,feign,feign.jaxrs.JAXRSContractTest.consumesEmpty,5.0,2.0,0.0,0.0,0.0,1,0.0,0,0.0,0.0,0.0,157.0,15.0,6.0,10.0,9.0,7.0,1.0,95.0,50.0,227.69384458002705,0,0,0,0.0,0.0
10,feign,feign.jaxrs.JAXRSContractTest.producesAndConsumesOnClassAddsHeader,4.0,2.0,0.0,0.0,0.0,1,0.0,0,0.0,0.0,0.0,157.0,15.0,6.0,10.0,9.0,7.0,1.0,95.0,50.0,227.69384458002705,0,0,0,0.0,0.0
10,feign,feign.jaxrs.JAXRSContractTest.bodyParamIsGeneric,5.0,2.0,0.2,1.0,0.0,1,0.0,0,0.0,0.0,0.0,157.0,15.0,6.0,10.0,9.0,7.0,1.0,95.0,50.0,227.69384458002705,0,0,0,0.0,0.0
10,feign,feign.jaxrs.JAXRSContractTest.tooManyBodies,5.0,2.0,0.0,0.0,0.0,1,0.0,0,0.0,0.0,0.0,157.0,15.0,6.0,10.0,9.0,7.0,1.0,95.0,50.0,227.69384458002705,0,0,0,0.0,0.0
10,feign,feign.jaxrs.JAXRSContractTest.emptyPathOnType,3.0,2.0,0.0,0.0,0.0,1,0.0,0,0.0,0.0,0.0,157.0,15.0,6.0,10.0,9.0,7.0,1.0,95.0,50.0,227.69384458002705,0,0,0,0.0,0.0
10,feign,feign.jaxrs.JAXRSContractTest.emptyPathOnTypeSpecific,3.0,3.0,0.0,0.0,0.0,1,0.0,0,2.0,0.0,0.0,157.0,15.0,6.0,10.0,9.0,7.0,1.0,95.0,50.0,227.69384458002705,0,0,0,0.0,0.0
10,feign,feign.jaxrs.JAXRSContractTest.parsePathMethod,4.0,3.0,0.25,0.0,0.0,1,0.0,0,1.0,0.0,0.0,157.0,15.0,6.0,10.0,9.0,7.0,1.0,95.0,50.0,227.69384458002705,0,0,0,0.0,0.0
10,feign,feign.jaxrs.JAXRSContractTest.emptyPathOnMethod,3.0,2.0,0.0,0.0,0.0,1,0.0,0,0.0,0.0,0.0,157.0,15.0,6.0,10.0,9.0,7.0,1.0,95.0,50.0,227.69384458002705,0,0,0,0.0,0.0
10,feign,feign.jaxrs.JAXRSContractTest.emptyPathParam,5.0,2.0,0.0,0.0,0.0,1,0.0,0,0.0,0.0,0.0,157.0,15.0,6.0,10.0,9.0,7.0,1.0,95.0,50.0,227.69384458002705,0,0,0,0.0,0.0
10,feign,feign.jaxrs.JAXRSContractTest.pathParamWithSpaces,3.0,2.0,0.0,0.0,0.0,1,0.0,0,0.0,0.0,0.0,157.0,15.0,6.0,10.0,9.0,7.0,1.0,95.0,50.0,227.69384458002705,0,0,0,0.0,0.0
10,feign,feign.jaxrs.JAXRSContractTest.regexPathOnMethodOrType,5.0,2.0,0.4,0.0,0.0,1,0.0,0,0.0,0.0,0.0,157.0,15.0,6.0,10.0,9.0,7.0,1.0,95.0,50.0,227.69384458002705,0,0,0,0.0,0.0
10,feign,feign.jaxrs.JAXRSContractTest.withPathAndURIParams,5.0,2.0,0.2,1.0,0.0,1,0.0,0,0.0,0.0,0.0,157.0,15.0,6.0,10.0,9.0,7.0,1.0,95.0,50.0,227.69384458002705,0,0,0,0.0,0.0
10,feign,feign.jaxrs.JAXRSContractTest.pathAndQueryParams,5.0,2.0,0.2,0.0,0.0,1,0.0,0,0.0,0.0,0.0,157.0,15.0,6.0,10.0,9.0,7.0,1.0,95.0,50.0,227.69384458002705,0,0,0,0.0,0.0
10,feign,feign.jaxrs.JAXRSContractTest.emptyQueryParam,5.0,2.0,0.0,0.0,0.0,1,0.0,0,0.0,0.0,0.0,157.0,15.0,6.0,10.0,9.0,7.0,1.0,95.0,50.0,227.69384458002705,0,0,0,0.0,0.0
10,feign,feign.jaxrs.JAXRSContractTest.formParamsParseIntoIndexToName,5.0,3.0,0.2,0.0,0.0,1,0.0,0,2.0,0.0,0.0,157.0,15.0,6.0,10.0,9.0,7.0,1.0,95.0,50.0,227.69384458002705,0,0,0,0.0,0.0
10,feign,feign.jaxrs.JAXRSContractTest.formParamsDoesNotSetBodyType,7.0,3.0,0.0,1.0,0.0,1,0.0,0,2.0,0.0,0.0,157.0,15.0,6.0,10.0,9.0,7.0,1.0,95.0,50.0,227.69384458002705,0,0,0,0.0,0.0
10,feign,feign.jaxrs.JAXRSContractTest.emptyFormParam,5.0,2.0,0.0,0.0,0.0,1,0.0,0,0.0,0.0,0.0,157.0,15.0,6.0,10.0,9.0,7.0,1.0,95.0,50.0,227.69384458002705,0,0,0,0.0,0.0
10,feign,feign.jaxrs.JAXRSContractTest.headerParamsParseIntoIndexToName,5.0,2.0,0.2,0.0,0.0,1,0.0,0,0.0,0.0,0.0,157.0,15.0,6.0,10.0,9.0,7.0,1.0,95.0,50.0,227.69384458002705,0,0,0,0.0,0.0
10,feign,feign.jaxrs.JAXRSContractTest.emptyHeaderParam,5.0,2.0,0.0,0.0,0.0,1,0.0,0,0.0,0.0,0.0,157.0,15.0,6.0,10.0,9.0,7.0,1.0,95.0,50.0,227.69384458002705,0,0,0,0.0,0.0
10,feign,feign.jaxrs.JAXRSContractTest.pathsWithoutSlashesParseCorrectly,3.0,3.0,0.0,0.0,0.0,1,0.0,0,1.0,0.0,0.0,157.0,15.0,6.0,10.0,9.0,7.0,1.0,95.0,50.0,227.69384458002705,0,0,0,0.0,0.0
10,feign,feign.jaxrs.JAXRSContractTest.pathsWithSomeSlashesParseCorrectly,3.0,3.0,0.0,0.0,0.0,1,0.0,0,1.0,0.0,0.0,157.0,15.0,6.0,10.0,9.0,7.0,1.0,95.0,50.0,227.69384458002705,0,0,0,0.0,0.0
10,feign,feign.jaxrs.JAXRSContractTest.pathsWithSomeOtherSlashesParseCorrectly,3.0,3.0,0.0,0.0,0.0,1,0.0,0,1.0,0.0,0.0,157.0,15.0,6.0,10.0,9.0,7.0,1.0,95.0,50.0,227.69384458002705,0,0,0,0.0,0.0
10,feign,feign.jaxrs.JAXRSContractTest.classWithRootPathParsesCorrectly,3.0,3.0,0.0,0.0,0.0,1,0.0,0,1.0,0.0,0.0,157.0,15.0,6.0,10.0,9.0,7.0,1.0,95.0,50.0,227.69384458002705,0,0,0,0.0,0.0
10,feign,feign.jaxrs.JAXRSContractTest.classPathWithTrailingSlashParsesCorrectly,3.0,3.0,0.0,0.0,0.0,1,0.0,0,1.0,0.0,0.0,157.0,15.0,6.0,10.0,9.0,7.0,1.0,95.0,50.0,227.69384458002705,0,0,0,0.0,0.0
10,feign,feign.jaxrs.JAXRSContractTest.methodPathWithoutLeadingSlashParsesCorrectly,3.0,3.0,0.0,0.0,0.0,1,0.0,0,1.0,0.0,0.0,157.0,15.0,6.0,10.0,9.0,7.0,1.0,95.0,50.0,227.69384458002705,0,0,0,0.0,0.0
10,feign,feign.jaxrs.JAXRSContractTest.producesWithHeaderParamContainAllHeaders,3.0,2.0,0.0,0.0,0.0,1,0.0,0,0.0,0.0,0.0,157.0,15.0,6.0,10.0,9.0,7.0,1.0,95.0,50.0,227.69384458002705,0,0,0,0.0,0.0
10,feign,feign.jaxrs.JAXRSContractTest.parseAndValidateMetadata,3.0,3.0,0.0,0.0,0.0,1,0.0,0,0.0,0.0,0.0,157.0,15.0,6.0,10.0,9.0,7.0,1.0,95.0,50.0,227.69384458002705,0,0,0,0.0,0.0
10,feign,feign.jaxrs2.JAXRS2ContractTest.createContract,3.0,2.0,0.0,0.0,0.0,0,0.0,0,0.0,0.0,0.0,37.0,0.0,0.0,4.0,1.0,1.0,0.0,25.0,23.0,74.03414397196862,0,0,1,0.0,0.0
10,feign,feign.jaxrs2.JAXRS2ContractTest.injectJaxrsInternals,4.0,2.0,0.0,1.0,0.0,0,0.0,0,0.0,0.0,0.0,37.0,0.0,0.0,4.0,1.0,1.0,0.0,25.0,23.0,74.03414397196862,0,0,1,0.0,0.0
10,feign,feign.jaxrs2.JAXRS2ContractTest.injectBeanParam,4.0,2.0,0.0,1.0,0.0,0,0.0,0,0.0,0.0,0.0,37.0,0.0,0.0,4.0,1.0,1.0,0.0,25.0,23.0,74.03414397196862,0,0,1,0.0,0.0
10,feign,feign.jaxrs2.JAXRSClientTest.newBuilder,3.0,2.0,0.0,0.0,0.0,0,0.0,0,0.0,0.0,0.0,133.0,43.0,0.0,13.0,23.0,56.0,46.0,285.0,95.0,536.9864721255218,0,0,0,0.0,0.0
10,feign,feign.jaxrs2.JAXRSClientTest.testPatch,8.0,3.0,0.0,0.0,0.0,0,0.0,0,0.0,0.0,0.0,133.0,43.0,0.0,13.0,23.0,56.0,46.0,285.0,95.0,536.9864721255218,0,0,0,0.0,0.0
10,feign,feign.jaxrs2.JAXRSClientTest.noResponseBodyForPut,8.0,2.0,0.0,0.0,0.0,0,0.0,0,0.0,0.0,0.0,133.0,43.0,0.0,13.0,23.0,56.0,46.0,285.0,95.0,536.9864721255218,0,0,0,0.0,0.0
10,feign,feign.jaxrs2.JAXRSClientTest.noResponseBodyForPatch,8.0,2.0,0.0,0.0,0.0,0,0.0,0,0.0,0.0,0.0,133.0,43.0,0.0,13.0,23.0,56.0,46.0,285.0,95.0,536.9864721255218,0,0,0,0.0,0.0
10,feign,feign.jaxrs2.JAXRSClientTest.reasonPhraseIsOptional,6.0,2.0,0.0,1.0,0.0,0,0.0,0,0.0,0.0,0.0,133.0,43.0,0.0,13.0,23.0,56.0,46.0,285.0,95.0,536.9864721255218,0,0,0,0.0,0.0
10,feign,feign.jaxrs2.JAXRSClientTest.parsesRequestAndResponse,2.0,2.0,0.0,0.0,0.0,0,0.0,0,0.0,0.0,0.0,133.0,43.0,0.0,13.0,23.0,56.0,46.0,285.0,95.0,536.9864721255218,0,0,0,0.0,0.0
10,feign,feign.jaxrs2.JAXRSClientTest.testContentTypeWithoutCharset2,7.0,2.0,0.2857142857142857,0.0,0.0,0,1.0,0,0.0,0.0,0.0,133.0,43.0,0.0,13.0,23.0,56.0,46.0,285.0,95.0,536.9864721255218,0,0,0,0.0,0.0
10,feign,feign.jaxrs2.JAXRSClientTest.testConsumesMultipleWithContentTypeHeaderAndBody,7.0,2.0,0.2857142857142857,0.0,0.0,0,1.0,0,0.0,0.0,0.0,133.0,43.0,0.0,13.0,23.0,56.0,46.0,285.0,95.0,536.9864721255218,0,0,0,0.0,0.0
10,feign,feign.json.JsonDecoderTest.setUpClass,9.0,2.0,0.0,0.0,0.0,0,0.0,0,1.0,0.0,0.0,86.0,1.0,0.0,13.0,12.0,18.0,16.0,270.0,115.0,643.8185252848132,0,0,2,0.0,0.0
10,feign,feign.json.JsonDecoderTest.decodesArray,5.0,2.0,0.0,1.0,0.0,1,0.0,0,0.0,0.0,0.0,86.0,1.0,0.0,13.0,12.0,18.0,16.0,270.0,115.0,643.8185252848132,0,0,2,0.0,0.0
10,feign,feign.json.JsonDecoderTest.decodesObject,5.0,2.0,0.0,1.0,0.0,1,0.0,0,0.0,0.0,0.0,86.0,1.0,0.0,13.0,12.0,18.0,16.0,270.0,115.0,643.8185252848132,0,0,2,0.0,0.0
10,feign,feign.json.JsonDecoderTest.nullBodyDecodesToNull,4.0,2.0,0.0,1.0,0.0,1,0.0,0,0.0,0.0,0.0,86.0,1.0,0.0,13.0,12.0,18.0,16.0,270.0,115.0,643.8185252848132,0,0,2,0.0,0.0
10,feign,feign.json.JsonDecoderTest.emptyBodyDecodesToNull,4.0,2.0,0.0,1.0,0.0,1,0.0,0,0.0,0.0,0.0,86.0,1.0,0.0,13.0,12.0,18.0,16.0,270.0,115.0,643.8185252848132,0,0,2,0.0,0.0
10,feign,feign.json.JsonDecoderTest.unknownTypeThrowsDecodeException,2.0,2.0,0.0,0.0,0.0,0,0.0,0,0.0,0.0,0.0,86.0,1.0,0.0,13.0,12.0,18.0,16.0,270.0,115.0,643.8185252848132,0,0,2,0.0,0.0
10,feign,feign.json.JsonDecoderTest.badJsonThrowsWrappedJSONException,2.0,2.0,0.0,0.0,0.0,0,0.0,0,0.0,0.0,0.0,86.0,1.0,0.0,13.0,12.0,18.0,16.0,270.0,115.0,643.8185252848132,0,0,2,0.0,0.0
10,feign,feign.json.JsonDecoderTest.causedByCommonException,2.0,2.0,0.0,0.0,0.0,0,0.0,0,0.0,0.0,0.0,86.0,1.0,0.0,13.0,12.0,18.0,16.0,270.0,115.0,643.8185252848132,0,0,2,0.0,0.0
10,feign,feign.json.JsonDecoderTest.causedByIOException,2.0,2.0,0.0,0.0,0.0,0,0.0,0,0.0,0.0,0.0,86.0,1.0,0.0,13.0,12.0,18.0,16.0,270.0,115.0,643.8185252848132,0,0,2,0.0,0.0
10,feign,feign.json.JsonDecoderTest.checkedException,2.0,2.0,0.0,0.0,0.0,0,0.0,0,0.0,0.0,0.0,86.0,1.0,0.0,13.0,12.0,18.0,16.0,270.0,115.0,643.8185252848132,0,0,2,0.0,0.0
10,feign,feign.json.JsonDecoderTest.decodesExtendedArray,5.0,2.0,0.0,1.0,0.0,1,0.0,0,0.0,0.0,0.0,86.0,1.0,0.0,13.0,12.0,18.0,16.0,270.0,115.0,643.8185252848132,0,0,2,0.0,0.0
10,feign,feign.json.JsonDecoderTest.decodeExtendedObject,5.0,2.0,0.0,1.0,0.0,1,0.0,0,0.0,0.0,0.0,86.0,1.0,0.0,13.0,12.0,18.0,16.0,270.0,115.0,643.8185252848132,0,0,2,0.0,0.0
10,feign,feign.json.JsonEncoderTest.setUp,9.0,2.0,0.0,0.0,0.0,0,0.0,0,1.0,0.0,0.0,65.0,0.0,0.0,7.0,6.0,4.0,3.0,150.0,89.0,445.94654117456673,0,0,1,0.0,0.0
10,feign,feign.json.JsonEncoderTest.encodesArray,4.0,1.0,0.0,0.0,0.0,1,0.0,0,0.0,0.0,0.0,65.0,0.0,0.0,7.0,6.0,4.0,3.0,150.0,89.0,445.94654117456673,0,0,1,0.0,0.0
10,feign,feign.json.JsonEncoderTest.encodesObject,4.0,1.0,0.0,0.0,0.0,1,0.0,0,0.0,0.0,0.0,65.0,0.0,0.0,7.0,6.0,4.0,3.0,150.0,89.0,445.94654117456673,0,0,1,0.0,0.0
10,feign,feign.json.JsonEncoderTest.encodesNull,4.0,1.0,0.0,1.0,0.0,1,0.0,0,0.0,0.0,0.0,65.0,0.0,0.0,7.0,6.0,4.0,3.0,150.0,89.0,445.94654117456673,0,0,1,0.0,0.0
10,feign,feign.json.JsonEncoderTest.unknownTypeThrowsEncodeException,2.0,1.0,0.0,0.0,0.0,0,0.0,0,0.0,0.0,0.0,65.0,0.0,0.0,7.0,6.0,4.0,3.0,150.0,89.0,445.94654117456673,0,0,1,0.0,0.0
10,feign,feign.mock.MockClientTest.setup,8.0,3.0,0.0,0.0,0.0,0,0.0,0,1.0,0.0,0.0,324.0,513.0,10.0,15.0,90.0,130.0,96.0,1338.0,229.0,1648.5552541175916,0,0,0,0.0,0.0
10,feign,feign.mock.MockClientTest.hitMock,5.0,2.0,0.0,1.0,0.0,1,0.0,0,1.0,0.0,0.0,324.0,513.0,10.0,15.0,90.0,130.0,96.0,1338.0,229.0,1648.5552541175916,0,0,0,0.0,0.0
10,feign,feign.mock.MockClientTest.missMock,9.0,2.0,0.0,1.0,0.0,0,0.0,0,0.0,0.0,0.0,324.0,513.0,10.0,15.0,90.0,130.0,96.0,1338.0,229.0,1648.5552541175916,0,0,0,0.0,0.0
10,feign,feign.mock.MockClientTest.missHttpMethod,9.0,2.0,0.0,1.0,0.0,0,0.0,0,0.0,0.0,0.0,324.0,513.0,10.0,15.0,90.0,130.0,96.0,1338.0,229.0,1648.5552541175916,0,0,0,0.0,0.0
10,feign,feign.mock.MockClientTest.paramsEncoding,5.0,2.0,0.0,1.0,0.0,1,0.0,0,1.0,0.0,0.0,324.0,513.0,10.0,15.0,90.0,130.0,96.0,1338.0,229.0,1648.5552541175916,0,0,0,0.0,0.0
10,feign,feign.mock.MockClientTest.verifyInvocation,18.0,2.0,0.4444444444444444,6.0,0.0,16,0.0,0,6.0,0.0,0.0,324.0,513.0,10.0,15.0,90.0,130.0,96.0,1338.0,229.0,1648.5552541175916,0,0,0,0.0,0.0
10,feign,feign.mock.MockClientTest.verifyNone,47.0,3.0,0.3617021276595745,4.0,0.0,17,0.0,0,12.0,0.0,0.0,324.0,513.0,10.0,15.0,90.0,130.0,96.0,1338.0,229.0,1648.5552541175916,0,0,0,0.0,0.0
10,feign,feign.mock.MockClientTest.verifyNotInvoked,15.0,3.0,0.3333333333333333,2.0,0.0,6,0.0,0,5.0,0.0,0.0,324.0,513.0,10.0,15.0,90.0,130.0,96.0,1338.0,229.0,1648.5552541175916,0,0,0,0.0,0.0
10,feign,feign.mock.MockClientTest.verifyNegative,9.0,3.0,0.0,1.0,0.0,2,0.0,0,2.0,0.0,0.0,324.0,513.0,10.0,15.0,90.0,130.0,96.0,1338.0,229.0,1648.5552541175916,0,0,0,0.0,0.0
10,feign,feign.mock.MockClientTest.verifyMultipleRequests,13.0,2.0,0.15384615384615385,3.0,0.0,7,0.0,0,6.0,0.0,0.0,324.0,513.0,10.0,15.0,90.0,130.0,96.0,1338.0,229.0,1648.5552541175916,0,0,0,0.0,0.0
10,feign,feign.mock.MockClientTest.resetRequests,8.0,2.0,0.0,1.0,0.0,5,0.0,0,3.0,0.0,0.0,324.0,513.0,10.0,15.0,90.0,130.0,96.0,1338.0,229.0,1648.5552541175916,0,0,0,0.0,0.0
10,feign,feign.mock.MockTargetTest.setup,3.0,2.0,0.0,0.0,0.0,0,0.0,0,1.0,0.0,0.0,49.0,4.0,0.0,3.0,9.0,9.0,4.0,78.0,30.0,130.70126480068774,0,0,0,0.0,0.0
10,feign,feign.mock.MockTargetTest.test,3.0,1.0,0.0,0.0,0.0,1,0.0,0,0.0,0.0,0.0,49.0,4.0,0.0,3.0,9.0,9.0,4.0,78.0,30.0,130.70126480068774,0,0,0,0.0,0.0
10,feign,feign.mock.RequestHeadersTest.shouldCreateEmptyRequestHeaders,4.0,1.0,0.0,1.0,0.0,2,0.0,0,0.0,0.0,0.0,122.0,0.0,5.0,6.0,20.0,20.0,11.0,470.0,94.0,578.3568733021858,0,0,0,0.0,0.0
10,feign,feign.mock.RequestHeadersTest.shouldReturnZeroSizeForUnknownKey,4.0,1.0,0.0,0.0,0.0,2,0.0,0,0.0,0.0,0.0,122.0,0.0,5.0,6.0,20.0,20.0,11.0,470.0,94.0,578.3568733021858,0,0,0,0.0,0.0
10,feign,feign.mock.RequestHeadersTest.shouldCreateRequestHeadersFromSingleValue,7.0,1.0,0.42857142857142855,0.0,0.0,3,0.0,0,0.0,0.0,0.0,122.0,0.0,5.0,6.0,20.0,20.0,11.0,470.0,94.0,578.3568733021858,0,0,0,0.0,0.0
10,feign,feign.mock.RequestHeadersTest.shouldCreateRequestHeadersFromSingleValueAndCollection,7.0,1.0,0.42857142857142855,0.0,0.0,3,0.0,0,0.0,0.0,0.0,122.0,0.0,5.0,6.0,20.0,20.0,11.0,470.0,94.0,578.3568733021858,0,0,0,0.0,0.0
10,feign,feign.mock.RequestHeadersTest.shouldCreateRequestHeadersFromHeadersMap,6.0,1.0,0.0,1.0,0.0,2,0.0,0,0.0,0.0,0.0,122.0,0.0,5.0,6.0,20.0,20.0,11.0,470.0,94.0,578.3568733021858,0,0,0,0.0,0.0
10,feign,feign.mock.RequestHeadersTest.shouldPrintHeaders,4.0,1.0,0.0,0.0,0.0,2,1.0,0,0.0,0.0,0.0,122.0,0.0,5.0,6.0,20.0,20.0,11.0,470.0,94.0,578.3568733021858,0,0,0,0.0,0.0
10,feign,feign.mock.RequestKeyTest.setUp,4.0,2.0,0.0,0.0,0.0,0,0.0,0,1.0,0.0,0.0,188.0,0.0,2.0,9.0,33.0,30.0,16.0,739.0,149.0,984.189390221282,0,0,0,0.0,0.0
10,feign,feign.mock.RequestKeyTest.builder,7.0,2.0,0.5714285714285714,3.0,0.0,4,0.0,0,0.0,0.0,0.0,188.0,0.0,2.0,9.0,33.0,30.0,16.0,739.0,149.0,984.189390221282,0,0,0,0.0,0.0
10,feign,feign.mock.RequestKeyTest.create,12.0,2.0,0.4166666666666667,3.0,0.0,6,0.0,0,0.0,0.0,0.0,188.0,0.0,2.0,9.0,33.0,30.0,16.0,739.0,149.0,984.189390221282,0,0,0,0.0,0.0
10,feign,feign.mock.RequestKeyTest.checkHashes,6.0,1.0,0.16666666666666666,2.0,0.0,2,0.0,0,0.0,0.0,0.0,188.0,0.0,2.0,9.0,33.0,30.0,16.0,739.0,149.0,984.189390221282,0,0,0,0.0,0.0
10,feign,feign.mock.RequestKeyTest.equalObject,3.0,1.0,0.0,1.0,0.0,0,0.0,0,0.0,0.0,0.0,188.0,0.0,2.0,9.0,33.0,30.0,16.0,739.0,149.0,984.189390221282,0,0,0,0.0,0.0
10,feign,feign.mock.RequestKeyTest.equalNull,3.0,1.0,0.0,1.0,0.0,0,0.0,0,0.0,0.0,0.0,188.0,0.0,2.0,9.0,33.0,30.0,16.0,739.0,149.0,984.189390221282,0,0,0,0.0,0.0
10,feign,feign.mock.RequestKeyTest.equalPost,6.0,1.0,0.16666666666666666,2.0,0.0,2,0.0,0,0.0,0.0,0.0,188.0,0.0,2.0,9.0,33.0,30.0,16.0,739.0,149.0,984.189390221282,0,0,0,0.0,0.0
10,feign,feign.mock.RequestKeyTest.equalSelf,4.0,1.0,0.25,2.0,0.0,1,0.0,0,0.0,0.0,0.0,188.0,0.0,2.0,9.0,33.0,30.0,16.0,739.0,149.0,984.189390221282,0,0,0,0.0,0.0
10,feign,feign.mock.RequestKeyTest.equalMinimum,5.0,1.0,0.2,2.0,0.0,2,0.0,0,0.0,0.0,0.0,188.0,0.0,2.0,9.0,33.0,30.0,16.0,739.0,149.0,984.189390221282,0,0,0,0.0,0.0
10,feign,feign.mock.RequestKeyTest.equalExtra,6.0,1.0,0.16666666666666666,2.0,0.0,2,0.0,0,0.0,0.0,0.0,188.0,0.0,2.0,9.0,33.0,30.0,16.0,739.0,149.0,984.189390221282,0,0,0,0.0,0.0
10,feign,feign.mock.RequestKeyTest.equalsExtended,5.0,1.0,0.2,2.0,0.0,3,0.0,0,0.0,0.0,0.0,188.0,0.0,2.0,9.0,33.0,30.0,16.0,739.0,149.0,984.189390221282,0,0,0,0.0,0.0
10,feign,feign.mock.RequestKeyTest.equalsExtendedExtra,6.0,1.0,0.16666666666666666,2.0,0.0,3,0.0,0,0.0,0.0,0.0,188.0,0.0,2.0,9.0,33.0,30.0,16.0,739.0,149.0,984.189390221282,0,0,0,0.0,0.0
10,feign,feign.mock.RequestKeyTest.testToString,4.0,2.0,0.25,0.0,0.0,1,2.0,0,0.0,0.0,0.0,188.0,0.0,2.0,9.0,33.0,30.0,16.0,739.0,149.0,984.189390221282,0,0,0,0.0,0.0
10,feign,feign.mock.RequestKeyTest.testToStringSimple,5.0,2.0,0.2,0.0,0.0,2,2.0,0,0.0,0.0,0.0,188.0,0.0,2.0,9.0,33.0,30.0,16.0,739.0,149.0,984.189390221282,0,0,0,0.0,0.0
10,feign,feign.okhttp.OkHttpClientTest.newBuilder,3.0,2.0,0.0,0.0,0.0,0,0.0,0,0.0,0.0,0.0,172.0,76.0,0.0,10.0,36.0,63.0,50.0,686.0,170.0,1110.2491967134004,0,0,0,0.0,0.0
10,feign,feign.okhttp.OkHttpClientTest.testContentTypeWithoutCharset,7.0,2.0,0.2857142857142857,0.0,0.0,2,1.0,0,0.0,0.0,0.0,172.0,76.0,0.0,10.0,36.0,63.0,50.0,686.0,170.0,1110.2491967134004,0,0,0,0.0,0.0
10,feign,feign.okhttp.OkHttpClientTest.testNoFollowRedirect,2.0,2.0,0.0,0.0,0.0,0,0.0,0,0.0,0.0,0.0,172.0,76.0,0.0,10.0,36.0,63.0,50.0,686.0,170.0,1110.2491967134004,0,0,0,0.0,0.0
10,feign,feign.okhttp.OkHttpClientTest.testFollowRedirect,2.0,2.0,0.0,0.0,0.0,0,0.0,0,0.0,0.0,0.0,172.0,76.0,0.0,10.0,36.0,63.0,50.0,686.0,170.0,1110.2491967134004,0,0,0,0.0,0.0
10,feign,feign.reactive.ReactiveDelegatingContractTest.onlyReactiveReturnTypesSupported,5.0,2.0,0.0,0.0,0.0,1,0.0,0,0.0,0.0,0.0,79.0,1.0,0.0,8.0,10.0,15.0,12.0,272.0,92.0,515.7337900992318,0,0,0,0.0,0.0
10,feign,feign.reactive.ReactiveDelegatingContractTest.reactorTypes,4.0,1.0,0.0,0.0,0.0,0,0.0,0,0.0,0.0,0.0,79.0,1.0,0.0,8.0,10.0,15.0,12.0,272.0,92.0,515.7337900992318,0,0,0,0.0,0.0
10,feign,feign.reactive.ReactiveDelegatingContractTest.reactivexTypes,4.0,1.0,0.0,0.0,0.0,0,0.0,0,0.0,0.0,0.0,79.0,1.0,0.0,8.0,10.0,15.0,12.0,272.0,92.0,515.7337900992318,0,0,0,0.0,0.0
10,feign,feign.reactive.ReactiveDelegatingContractTest.streamsAreNotSupported,5.0,2.0,0.0,0.0,0.0,1,0.0,0,0.0,0.0,0.0,79.0,1.0,0.0,8.0,10.0,15.0,12.0,272.0,92.0,515.7337900992318,0,0,0,0.0,0.0
10,feign,feign.reactive.ReactiveInvocationHandlerTest.setUp,3.0,3.0,0.0,0.0,0.0,0,0.0,0,1.0,0.0,0.0,138.0,7.0,4.0,9.0,21.0,19.0,12.0,366.0,114.0,672.9002000077558,0,0,0,0.0,0.0
10,feign,feign.reactive.ReactiveInvocationHandlerTest.invokeOnSubscribeReactor,9.0,3.0,0.0,1.0,0.0,2,0.0,0,4.0,0.0,0.0,138.0,7.0,4.0,9.0,21.0,19.0,12.0,366.0,114.0,672.9002000077558,0,0,0,0.0,0.0
10,feign,feign.reactive.ReactiveInvocationHandlerTest.invokeOnSubscribeEmptyReactor,9.0,3.0,0.0,1.0,0.0,2,0.0,0,4.0,0.0,0.0,138.0,7.0,4.0,9.0,21.0,19.0,12.0,366.0,114.0,672.9002000077558,0,0,0,0.0,0.0
10,feign,feign.reactive.ReactiveInvocationHandlerTest.invokeFailureReactor,9.0,3.0,0.0,1.0,0.0,2,0.0,0,4.0,0.0,0.0,138.0,7.0,4.0,9.0,21.0,19.0,12.0,366.0,114.0,672.9002000077558,0,0,0,0.0,0.0
10,feign,feign.reactive.ReactiveInvocationHandlerTest.invokeOnSubscribeRxJava,9.0,3.0,0.0,1.0,0.0,2,0.0,0,4.0,0.0,0.0,138.0,7.0,4.0,9.0,21.0,19.0,12.0,366.0,114.0,672.9002000077558,0,0,0,0.0,0.0
10,feign,feign.reactive.ReactiveInvocationHandlerTest.invokeOnSubscribeEmptyRxJava,9.0,3.0,0.0,1.0,0.0,2,0.0,0,4.0,0.0,0.0,138.0,7.0,4.0,9.0,21.0,19.0,12.0,366.0,114.0,672.9002000077558,0,0,0,0.0,0.0
10,feign,feign.reactive.ReactiveInvocationHandlerTest.invokeFailureRxJava,9.0,3.0,0.0,1.0,0.0,2,0.0,0,4.0,0.0,0.0,138.0,7.0,4.0,9.0,21.0,19.0,12.0,366.0,114.0,672.9002000077558,0,0,0,0.0,0.0
10,feign,feign.ribbon.LBClientFactoryTest.testCreateLBClient,6.0,1.0,0.16666666666666666,0.0,0.0,1,0.0,0,0.0,0.0,0.0,55.0,0.0,0.0,6.0,1.0,1.0,0.0,126.0,52.0,251.48665916147687,0,0,0,0.0,0.0
10,feign,feign.ribbon.LBClientTest.testParseCodes,6.0,1.0,0.5,1.0,0.0,1,0.0,0,0.0,0.0,0.0,191.0,2.0,0.0,22.0,16.0,24.0,19.0,666.0,147.0,955.6895815694372,0,0,0,0.0,0.0
10,feign,feign.ribbon.LBClientTest.testRibbonRequest,11.0,3.0,0.09090909090909091,0.0,0.0,1,2.0,0,3.0,0.0,0.0,191.0,2.0,0.0,22.0,16.0,24.0,19.0,666.0,147.0,955.6895815694372,0,0,0,0.0,0.0
10,feign,feign.ribbon.LoadBalancingTargetTest.hostAndPort,3.0,2.0,0.0,0.0,0.0,0,0.0,0,0.0,0.0,0.0,140.0,0.0,1.0,9.0,25.0,34.0,23.0,451.0,171.0,1045.060915054958,0,0,0,0.0,0.0
10,feign,feign.ribbon.LoadBalancingTargetTest.loadBalancingDefaultPolicyRoundRobin,18.0,2.0,0.05555555555555555,2.0,0.0,2,0.0,0,0.0,0.0,0.0,140.0,0.0,1.0,9.0,25.0,34.0,23.0,451.0,171.0,1045.060915054958,0,0,0,0.0,0.0
10,feign,feign.ribbon.LoadBalancingTargetTest.loadBalancingTargetPath,16.0,2.0,0.0625,0.0,0.0,2,0.0,0,0.0,0.0,0.0,140.0,0.0,1.0,9.0,25.0,34.0,23.0,451.0,171.0,1045.060915054958,0,0,0,0.0,0.0
10,feign,feign.ribbon.RibbonClientTest.disableSunRetry,3.0,3.0,0.0,0.0,0.0,0,0.0,0,1.0,0.0,0.0,148.0,28.0,7.0,8.0,19.0,23.0,14.0,506.0,149.0,927.7539637238324,0,0,0,0.0,0.0
10,feign,feign.ribbon.RibbonClientTest.resetSunRetry,8.0,4.0,0.0,0.0,0.0,0,0.0,0,1.0,0.0,0.0,148.0,28.0,7.0,8.0,19.0,23.0,14.0,506.0,149.0,927.7539637238324,0,0,0,0.0,0.0
10,feign,feign.ribbon.RibbonClientTest.hostAndPort,3.0,2.0,0.0,0.0,0.0,0,0.0,0,0.0,0.0,0.0,148.0,28.0,7.0,8.0,19.0,23.0,14.0,506.0,149.0,927.7539637238324,0,0,0,0.0,0.0
10,feign,feign.ribbon.RibbonClientTest.loadBalancingDefaultPolicyRoundRobin,10.0,2.0,0.1,2.0,0.0,2,0.0,0,0.0,0.0,0.0,148.0,28.0,7.0,8.0,19.0,23.0,14.0,506.0,149.0,927.7539637238324,0,0,0,0.0,0.0
10,feign,feign.ribbon.RibbonClientTest.ioExceptionRetry,8.0,2.0,0.0,1.0,0.0,2,0.0,0,0.0,0.0,0.0,148.0,28.0,7.0,8.0,19.0,23.0,14.0,506.0,149.0,927.7539637238324,0,0,0,0.0,0.0
10,feign,feign.ribbon.RibbonClientTest.ioExceptionFailsAfterTooManyFailures,12.0,3.0,0.0,1.0,0.0,2,0.0,0,0.0,0.0,0.0,148.0,28.0,7.0,8.0,19.0,23.0,14.0,506.0,149.0,927.7539637238324,0,0,0,0.0,0.0
10,feign,feign.ribbon.RibbonClientTest.ribbonRetryConfigurationOnSameServer,17.0,3.0,0.058823529411764705,2.0,0.0,2,0.0,0,0.0,0.0,0.0,148.0,28.0,7.0,8.0,19.0,23.0,14.0,506.0,149.0,927.7539637238324,0,0,0,0.0,0.0
10,feign,feign.ribbon.RibbonClientTest.ribbonRetryConfigurationOnMultipleServers,17.0,3.0,0.058823529411764705,2.0,0.0,2,0.0,0,0.0,0.0,0.0,148.0,28.0,7.0,8.0,19.0,23.0,14.0,506.0,149.0,927.7539637238324,0,0,0,0.0,0.0
10,feign,feign.ribbon.RibbonClientTest.urlEncodeQueryStringParameters,11.0,3.0,0.0,1.0,0.0,2,0.0,0,1.0,0.0,0.0,148.0,28.0,7.0,8.0,19.0,23.0,14.0,506.0,149.0,927.7539637238324,0,0,0,0.0,0.0
10,feign,feign.ribbon.RibbonClientTest.testHTTPSViaRibbon,9.0,1.0,0.0,1.0,0.0,1,0.0,0,0.0,0.0,0.0,148.0,28.0,7.0,8.0,19.0,23.0,14.0,506.0,149.0,927.7539637238324,0,0,0,0.0,0.0
10,feign,feign.ribbon.RibbonClientTest.ioExceptionRetryWithBuilder,8.0,2.0,0.0,1.0,0.0,2,0.0,0,0.0,0.0,0.0,148.0,28.0,7.0,8.0,19.0,23.0,14.0,506.0,149.0,927.7539637238324,0,0,0,0.0,0.0
10,feign,feign.ribbon.RibbonClientTest.ribbonRetryOnStatusCodes,16.0,3.0,0.0625,2.0,0.0,2,0.0,0,0.0,0.0,0.0,148.0,28.0,7.0,8.0,19.0,23.0,14.0,506.0,149.0,927.7539637238324,0,0,0,0.0,0.0
10,feign,feign.ribbon.RibbonClientTest.testFeignOptionsFollowRedirect,19.0,3.0,0.15789473684210525,4.0,0.0,2,0.0,0,0.0,0.0,0.0,148.0,28.0,7.0,8.0,19.0,23.0,14.0,506.0,149.0,927.7539637238324,0,0,0,0.0,0.0
10,feign,feign.ribbon.RibbonClientTest.testFeignOptionsNoFollowRedirect,16.0,3.0,0.0625,1.0,0.0,2,1.0,0,0.0,0.0,0.0,148.0,28.0,7.0,8.0,19.0,23.0,14.0,506.0,149.0,927.7539637238324,0,0,0,0.0,0.0
10,feign,feign.ribbon.RibbonClientTest.testFeignOptionsClientConfig,8.0,1.0,0.375,4.0,0.0,0,0.0,0,0.0,0.0,0.0,148.0,28.0,7.0,8.0,19.0,23.0,14.0,506.0,149.0,927.7539637238324,0,0,0,0.0,0.0
10,feign,feign.ribbon.RibbonClientTest.testCleanUrlWithMatchingHostAndPart,4.0,2.0,0.0,0.0,0.0,1,1.0,0,0.0,0.0,0.0,148.0,28.0,7.0,8.0,19.0,23.0,14.0,506.0,149.0,927.7539637238324,0,0,0,0.0,0.0
10,feign,feign.ribbon.RibbonClientTest.testCleanUrl,4.0,2.0,0.0,0.0,0.0,1,1.0,0,0.0,0.0,0.0,148.0,28.0,7.0,8.0,19.0,23.0,14.0,506.0,149.0,927.7539637238324,0,0,0,0.0,0.0
10,feign,feign.ribbon.RibbonClientTest.client,3.0,2.0,0.0,0.0,0.0,0,0.0,0,0.0,0.0,0.0,148.0,28.0,7.0,8.0,19.0,23.0,14.0,506.0,149.0,927.7539637238324,0,0,0,0.0,0.0
10,feign,feign.ribbon.RibbonClientTest.serverListKey,3.0,2.0,0.0,0.0,0.0,0,0.0,0,0.0,0.0,0.0,148.0,28.0,7.0,8.0,19.0,23.0,14.0,506.0,149.0,927.7539637238324,0,0,0,0.0,0.0
10,feign,feign.ribbon.RibbonClientTest.clearServerList,3.0,1.0,0.0,0.0,0.0,0,0.0,0,0.0,0.0,0.0,148.0,28.0,7.0,8.0,19.0,23.0,14.0,506.0,149.0,927.7539637238324,0,0,0,0.0,0.0
10,feign,feign.sax.SAXDecoderTest.parsesConfiguredTypes,4.0,2.0,0.25,1.0,0.0,1,0.0,0,0.0,0.0,0.0,169.0,1.0,0.0,18.0,8.0,18.0,15.0,707.0,219.0,1436.8657158313495,0,0,0,0.0,0.0
10,feign,feign.sax.SAXDecoderTest.niceErrorOnUnconfiguredType,5.0,2.0,0.0,0.0,0.0,1,0.0,0,0.0,0.0,0.0,169.0,1.0,0.0,18.0,8.0,18.0,15.0,707.0,219.0,1436.8657158313495,0,0,0,0.0,0.0
10,feign,feign.sax.SAXDecoderTest.statusFailedResponse,3.0,2.0,0.0,0.0,0.0,1,0.0,0,0.0,0.0,0.0,169.0,1.0,0.0,18.0,8.0,18.0,15.0,707.0,219.0,1436.8657158313495,0,0,0,0.0,0.0
10,feign,feign.sax.SAXDecoderTest.nullBodyDecodesToNull,4.0,2.0,0.0,1.0,0.0,2,0.0,0,0.0,0.0,0.0,169.0,1.0,0.0,18.0,8.0,18.0,15.0,707.0,219.0,1436.8657158313495,0,0,0,0.0,0.0
10,feign,feign.sax.SAXDecoderTest.notFoundDecodesToNull,7.0,2.0,0.0,1.0,0.0,2,0.0,0,0.0,0.0,0.0,169.0,1.0,0.0,18.0,8.0,18.0,15.0,707.0,219.0,1436.8657158313495,0,0,0,0.0,0.0
10,feign,feign.slf4j.Slf4jLoggerTest.useFeignLoggerByDefault,6.0,2.0,0.0,0.0,0.0,1,0.0,0,0.0,0.0,0.0,75.0,9.0,0.0,5.0,13.0,15.0,8.0,198.0,77.0,407.1965613634792,0,0,0,0.0,0.0
10,feign,feign.slf4j.Slf4jLoggerTest.useLoggerByNameIfRequested,6.0,2.0,0.0,0.0,0.0,1,0.0,0,0.0,0.0,0.0,75.0,9.0,0.0,5.0,13.0,15.0,8.0,198.0,77.0,407.1965613634792,0,0,0,0.0,0.0
10,feign,feign.slf4j.Slf4jLoggerTest.useLoggerByClassIfRequested,6.0,2.0,0.0,0.0,0.0,1,0.0,0,0.0,0.0,0.0,75.0,9.0,0.0,5.0,13.0,15.0,8.0,198.0,77.0,407.1965613634792,0,0,0,0.0,0.0
10,feign,feign.slf4j.Slf4jLoggerTest.useSpecifiedLoggerIfRequested,6.0,3.0,0.0,0.0,0.0,1,0.0,0,3.0,0.0,0.0,75.0,9.0,0.0,5.0,13.0,15.0,8.0,198.0,77.0,407.1965613634792,0,0,0,0.0,0.0
10,feign,feign.slf4j.Slf4jLoggerTest.logOnlyIfDebugEnabled,7.0,3.0,0.0,0.0,0.0,3,0.0,0,1.0,0.0,0.0,75.0,9.0,0.0,5.0,13.0,15.0,8.0,198.0,77.0,407.1965613634792,0,0,0,0.0,0.0
10,feign,feign.slf4j.Slf4jLoggerTest.logRequestsAndResponses,8.0,3.0,0.0,0.0,0.0,3,0.0,0,2.0,0.0,0.0,75.0,9.0,0.0,5.0,13.0,15.0,8.0,198.0,77.0,407.1965613634792,0,0,0,0.0,0.0
10,feign,feign.spring.SpringContractTest.setup,4.0,3.0,0.0,0.0,0.0,0,0.0,0,1.0,0.0,0.0,142.0,10.0,4.0,6.0,15.0,19.0,14.0,217.0,68.0,365.83302004075125,0,0,0,0.0,0.0
10,feign,feign.spring.SpringContractTest.requestParam,4.0,2.0,0.0,0.0,0.0,0,0.0,0,1.0,0.0,0.0,142.0,10.0,4.0,6.0,15.0,19.0,14.0,217.0,68.0,365.83302004075125,0,0,0,0.0,0.0
10,feign,feign.spring.SpringContractTest.requestTwoParams,4.0,2.0,0.0,0.0,0.0,0,0.0,0,1.0,0.0,0.0,142.0,10.0,4.0,6.0,15.0,19.0,14.0,217.0,68.0,365.83302004075125,0,0,0,0.0,0.0
10,feign,feign.spring.SpringContractTest.inheritance,6.0,2.0,0.16666666666666666,1.0,0.0,0,0.0,0,1.0,0.0,0.0,142.0,10.0,4.0,6.0,15.0,19.0,14.0,217.0,68.0,365.83302004075125,0,0,0,0.0,0.0
10,feign,feign.spring.SpringContractTest.composedAnnotation,4.0,2.0,0.0,0.0,0.0,0,0.0,0,1.0,0.0,0.0,142.0,10.0,4.0,6.0,15.0,19.0,14.0,217.0,68.0,365.83302004075125,0,0,0,0.0,0.0
10,feign,feign.spring.SpringContractTest.notAHttpMethod,4.0,2.0,0.0,0.0,0.0,0,0.0,0,0.0,0.0,0.0,142.0,10.0,4.0,6.0,15.0,19.0,14.0,217.0,68.0,365.83302004075125,0,0,0,0.0,0.0
