idProject,nameProject,testCase,tloc,tmcCabe,assertionDensity,assertionRoulette,mysteryGuest,eagerTest,sensitiveEquality,resourceOptimism,conditionalTestLogic,fireAndForget,testRunWar,loc,lcom2,lcom5,cbo,wmc,rfc,mpc,halsteadVocabulary,halsteadLength,halsteadVolume,classDataShouldBePrivate,complexClass,functionalDecomposition,godClass,spaghettiCode
20,hutool,cn.hutool.bloomfilter.BitMapBloomFilterTest.filterTest,9.0,1.0,0.5555555555555556,0.0,0.0,2,0.0,0,0.0,0.0,0.0,76.0,0.0,0.0,5.0,9.0,6.0,2.0,227.0,83.0,450.27085145095646,0,0,0,0.0,0.0
20,hutool,cn.hutool.cache.test.CacheTest.fifoCacheTest,9.0,2.0,0.1111111111111111,1.0,0.0,4,0.0,0,7.0,0.0,0.0,138.0,105.0,0.0,2.0,26.0,15.0,0.0,294.0,89.0,505.83859929314264,0,0,0,0.0,0.0
20,hutool,cn.hutool.cache.test.CacheTest.lfuCacheTest,12.0,1.0,0.25,2.0,0.0,4,0.0,0,0.0,0.0,0.0,138.0,105.0,0.0,2.0,26.0,15.0,0.0,294.0,89.0,505.83859929314264,0,0,0,0.0,0.0
20,hutool,cn.hutool.cache.test.CacheTest.lruCacheTest,10.0,1.0,0.1,1.0,0.0,4,0.0,0,0.0,0.0,0.0,138.0,105.0,0.0,2.0,26.0,15.0,0.0,294.0,89.0,505.83859929314264,0,0,0,0.0,0.0
20,hutool,cn.hutool.cache.test.CacheTest.timedCacheTest,15.0,1.0,0.3333333333333333,3.0,0.0,4,0.0,0,0.0,0.0,0.0,138.0,105.0,0.0,2.0,26.0,15.0,0.0,294.0,89.0,505.83859929314264,0,0,0,0.0,0.0
20,hutool,cn.hutool.captcha.CaptchaUtilTest.createTest,5.0,2.0,0.0,0.0,0.0,0,0.0,0,1.0,0.0,0.0,86.0,15.0,0.0,0.0,12.0,6.0,0.0,290.0,65.0,368.54225999373375,0,0,0,0.0,0.0
20,hutool,cn.hutool.core.bean.BeanDescTest.propDescTes,9.0,1.0,1.2222222222222223,0.0,0.0,5,0.0,0,0.0,0.0,0.0,455.0,16.0,7.0,13.0,37.0,43.0,30.0,1752.0,280.0,2091.1837160189743,0,0,0,0.0,0.0
20,hutool,cn.hutool.core.bean.BeanDescTest.propDescTes2,9.0,1.0,1.0,2.0,0.0,4,0.0,0,0.0,0.0,0.0,455.0,16.0,7.0,13.0,37.0,43.0,30.0,1752.0,280.0,2091.1837160189743,0,0,0,0.0,0.0
20,hutool,cn.hutool.core.bean.BeanDescTest.propDescOfBooleanTest,7.0,1.0,1.0,0.0,0.0,3,0.0,0,0.0,0.0,0.0,455.0,16.0,7.0,13.0,37.0,43.0,30.0,1752.0,280.0,2091.1837160189743,0,0,0,0.0,0.0
20,hutool,cn.hutool.core.bean.BeanDescTest.propDescOfBooleanTest2,5.0,1.0,0.6,0.0,0.0,3,0.0,0,0.0,0.0,0.0,455.0,16.0,7.0,13.0,37.0,43.0,30.0,1752.0,280.0,2091.1837160189743,0,0,0,0.0,0.0
20,hutool,cn.hutool.core.bean.BeanDescTest.getSetTest,8.0,1.0,0.375,0.0,0.0,2,0.0,0,0.0,0.0,0.0,455.0,16.0,7.0,13.0,37.0,43.0,30.0,1752.0,280.0,2091.1837160189743,0,0,0,0.0,0.0
20,hutool,cn.hutool.core.bean.BeanPathTest.init,26.0,2.0,0.0,0.0,0.0,0,0.0,0,1.0,0.0,0.0,293.0,16.0,3.0,13.0,28.0,47.0,38.0,1341.0,209.0,1505.0447146058707,0,0,0,0.0,0.0
20,hutool,cn.hutool.core.bean.BeanPathTest.beanPathTest1,7.0,1.0,1.0,0.0,0.0,2,0.0,0,0.0,0.0,0.0,293.0,16.0,3.0,13.0,28.0,47.0,38.0,1341.0,209.0,1505.0447146058707,0,0,0,0.0,0.0
20,hutool,cn.hutool.core.bean.BeanPathTest.beanPathTest2,7.0,1.0,1.0,0.0,0.0,2,0.0,0,0.0,0.0,0.0,293.0,16.0,3.0,13.0,28.0,47.0,38.0,1341.0,209.0,1505.0447146058707,0,0,0,0.0,0.0
20,hutool,cn.hutool.core.bean.BeanPathTest.beanPathTest3,7.0,1.0,1.0,0.0,0.0,2,0.0,0,0.0,0.0,0.0,293.0,16.0,3.0,13.0,28.0,47.0,38.0,1341.0,209.0,1505.0447146058707,0,0,0,0.0,0.0
20,hutool,cn.hutool.core.bean.BeanPathTest.getTest,5.0,1.0,0.2,1.0,0.0,3,0.0,0,0.0,0.0,0.0,293.0,16.0,3.0,13.0,28.0,47.0,38.0,1341.0,209.0,1505.0447146058707,0,0,0,0.0,0.0
20,hutool,cn.hutool.core.bean.BeanPathTest.setTest,6.0,1.0,0.16666666666666666,1.0,0.0,5,0.0,0,0.0,0.0,0.0,293.0,16.0,3.0,13.0,28.0,47.0,38.0,1341.0,209.0,1505.0447146058707,0,0,0,0.0,0.0
20,hutool,cn.hutool.core.bean.BeanUtilTest.isBeanTest,4.0,1.0,0.25,1.0,0.0,1,0.0,0,0.0,0.0,0.0,658.0,703.0,0.0,26.0,104.0,142.0,104.0,2717.0,410.0,3241.986279864803,0,0,0,0.0,0.0
20,hutool,cn.hutool.core.bean.BeanUtilTest.fillBeanTest,19.0,3.0,0.15789473684210525,1.0,0.0,1,0.0,0,1.0,0.0,0.0,658.0,703.0,0.0,26.0,104.0,142.0,104.0,2717.0,410.0,3241.986279864803,0,0,0,0.0,0.0
20,hutool,cn.hutool.core.bean.BeanUtilTest.value,9.0,3.0,0.0,0.0,0.0,0,0.0,0,1.0,0.0,0.0,658.0,703.0,0.0,26.0,104.0,142.0,104.0,2717.0,410.0,3241.986279864803,0,0,0,0.0,0.0
20,hutool,cn.hutool.core.bean.BeanUtilTest.containsKey,3.0,2.0,0.0,0.0,0.0,0,0.0,0,0.0,0.0,0.0,658.0,703.0,0.0,26.0,104.0,142.0,104.0,2717.0,410.0,3241.986279864803,0,0,0,0.0,0.0
20,hutool,cn.hutool.core.bean.BeanUtilTest.fillBeanWithMapIgnoreCaseTest,10.0,1.0,0.5,1.0,0.0,1,0.0,0,0.0,0.0,0.0,658.0,703.0,0.0,26.0,104.0,142.0,104.0,2717.0,410.0,3241.986279864803,0,0,0,0.0,0.0
20,hutool,cn.hutool.core.bean.BeanUtilTest.mapToBeanIgnoreCaseTest,8.0,1.0,0.375,1.0,0.0,1,0.0,0,0.0,0.0,0.0,658.0,703.0,0.0,26.0,104.0,142.0,104.0,2717.0,410.0,3241.986279864803,0,0,0,0.0,0.0
20,hutool,cn.hutool.core.bean.BeanUtilTest.mapToBeanTest,11.0,1.0,0.2727272727272727,1.0,0.0,2,0.0,0,0.0,0.0,0.0,658.0,703.0,0.0,26.0,104.0,142.0,104.0,2717.0,410.0,3241.986279864803,0,0,0,0.0,0.0
20,hutool,cn.hutool.core.bean.BeanUtilTest.beanToMapTest,12.0,1.0,0.5833333333333334,0.0,0.0,4,0.0,0,0.0,0.0,0.0,658.0,703.0,0.0,26.0,104.0,142.0,104.0,2717.0,410.0,3241.986279864803,0,0,0,0.0,0.0
20,hutool,cn.hutool.core.bean.BeanUtilTest.beanToMapTest2,9.0,1.0,0.1111111111111111,0.0,0.0,4,0.0,0,0.0,0.0,0.0,658.0,703.0,0.0,26.0,104.0,142.0,104.0,2717.0,410.0,3241.986279864803,0,0,0,0.0,0.0
20,hutool,cn.hutool.core.bean.BeanUtilTest.getPropertyTest,11.0,1.0,0.2727272727272727,0.0,0.0,1,0.0,0,0.0,0.0,0.0,658.0,703.0,0.0,26.0,104.0,142.0,104.0,2717.0,410.0,3241.986279864803,0,0,0,0.0,0.0
20,hutool,cn.hutool.core.bean.BeanUtilTest.getPropertyDescriptorsTest,13.0,2.0,0.8461538461538461,0.0,0.0,1,0.0,0,1.0,0.0,0.0,658.0,703.0,0.0,26.0,104.0,142.0,104.0,2717.0,410.0,3241.986279864803,0,0,0,0.0,0.0
20,hutool,cn.hutool.core.bean.BeanUtilTest.copyPropertiesTest,7.0,1.0,0.14285714285714285,1.0,0.0,4,0.0,0,0.0,0.0,0.0,658.0,703.0,0.0,26.0,104.0,142.0,104.0,2717.0,410.0,3241.986279864803,0,0,0,0.0,0.0
20,hutool,cn.hutool.core.bean.BeanUtilTest.copyPropertiesTest2,7.0,1.0,0.14285714285714285,1.0,0.0,4,0.0,0,0.0,0.0,0.0,658.0,703.0,0.0,26.0,104.0,142.0,104.0,2717.0,410.0,3241.986279864803,0,0,0,0.0,0.0
20,hutool,cn.hutool.core.bean.BeanUtilTest.trimBeanStrFieldsTest,9.0,1.0,0.3333333333333333,0.0,0.0,1,0.0,0,0.0,0.0,0.0,658.0,703.0,0.0,26.0,104.0,142.0,104.0,2717.0,410.0,3241.986279864803,0,0,0,0.0,0.0
20,hutool,cn.hutool.core.bean.DynaBeanTest.beanTest,15.0,2.0,0.4666666666666667,3.0,0.0,6,0.0,0,1.0,0.0,0.0,195.0,0.0,4.0,7.0,38.0,33.0,20.0,822.0,167.0,1120.860645974382,0,0,0,0.0,0.0
20,hutool,cn.hutool.core.codec.Base32Test.encodeAndDecodeTest,7.0,1.0,0.42857142857142855,1.0,0.0,7,0.0,0,0.0,0.0,0.0,187.0,36.0,8.0,3.0,24.0,24.0,15.0,865.0,158.0,1068.5112620952368,0,0,0,0.0,0.0
20,hutool,cn.hutool.core.codec.Base64Test.encodeAndDecodeTest,7.0,1.0,0.42857142857142855,1.0,0.0,13,0.0,0,0.0,0.0,0.0,334.0,378.0,0.0,6.0,55.0,62.0,34.0,969.0,108.0,742.6365780842028,0,0,0,0.0,0.0
20,hutool,cn.hutool.core.codec.Base64Test.urlSafeEncodeAndDecodeTest,7.0,1.0,0.42857142857142855,1.0,0.0,12,0.0,0,0.0,0.0,0.0,334.0,378.0,0.0,6.0,55.0,62.0,34.0,969.0,108.0,742.6365780842028,0,0,0,0.0,0.0
20,hutool,cn.hutool.core.codec.BCDTest.bcdTest,6.0,1.0,0.16666666666666666,1.0,0.0,2,0.0,0,0.0,0.0,0.0,120.0,15.0,0.0,0.0,20.0,10.0,4.0,742.0,157.0,1037.6678311772787,0,0,0,0.0,0.0
20,hutool,cn.hutool.core.collection.CollUtilTest.newHashSetTest,4.0,1.0,0.25,1.0,0.0,6,0.0,0,0.0,0.0,0.0,2386.0,8126.0,0.0,44.0,379.0,406.0,278.0,9901.0,1229.0,11307.28058953957,0,379,0,0.0,1534.0
20,hutool,cn.hutool.core.collection.CollUtilTest.valuesOfKeysTest,13.0,1.0,0.8461538461538461,4.0,0.0,5,0.0,0,0.0,0.0,0.0,2386.0,8126.0,0.0,44.0,379.0,406.0,278.0,9901.0,1229.0,11307.28058953957,0,379,0,0.0,1534.0
20,hutool,cn.hutool.core.collection.CollUtilTest.unionTest,11.0,2.0,0.09090909090909091,0.0,0.0,8,0.0,0,0.0,0.0,0.0,2386.0,8126.0,0.0,44.0,379.0,406.0,278.0,9901.0,1229.0,11307.28058953957,0,379,0,0.0,1534.0
20,hutool,cn.hutool.core.collection.CollUtilTest.match,3.0,2.0,0.0,0.0,0.0,0,0.0,0,0.0,0.0,0.0,2386.0,8126.0,0.0,44.0,379.0,406.0,278.0,9901.0,1229.0,11307.28058953957,0,379,0,0.0,1534.0
20,hutool,cn.hutool.core.collection.CollUtilTest.intersectionTest,11.0,2.0,0.09090909090909091,0.0,0.0,8,0.0,0,0.0,0.0,0.0,2386.0,8126.0,0.0,44.0,379.0,406.0,278.0,9901.0,1229.0,11307.28058953957,0,379,0,0.0,1534.0
20,hutool,cn.hutool.core.collection.CollUtilTest.match,3.0,2.0,0.0,0.0,0.0,0,0.0,0,0.0,0.0,0.0,2386.0,8126.0,0.0,44.0,379.0,406.0,278.0,9901.0,1229.0,11307.28058953957,0,379,0,0.0,1534.0
20,hutool,cn.hutool.core.collection.CollUtilTest.disjunctionTest,12.0,1.0,0.9166666666666666,0.0,0.0,7,0.0,0,0.0,0.0,0.0,2386.0,8126.0,0.0,44.0,379.0,406.0,278.0,9901.0,1229.0,11307.28058953957,0,379,0,0.0,1534.0
20,hutool,cn.hutool.core.collection.CollUtilTest.disjunctionTest2,8.0,1.0,0.375,2.0,0.0,6,0.0,0,0.0,0.0,0.0,2386.0,8126.0,0.0,44.0,379.0,406.0,278.0,9901.0,1229.0,11307.28058953957,0,379,0,0.0,1534.0
20,hutool,cn.hutool.core.collection.CollUtilTest.disjunctionTest3,18.0,1.0,1.2777777777777777,0.0,0.0,7,0.0,0,0.0,0.0,0.0,2386.0,8126.0,0.0,44.0,379.0,406.0,278.0,9901.0,1229.0,11307.28058953957,0,379,0,0.0,1534.0
20,hutool,cn.hutool.core.collection.CollUtilTest.toMapListAndToListMapTest,15.0,1.0,0.4666666666666667,0.0,0.0,8,0.0,0,0.0,0.0,0.0,2386.0,8126.0,0.0,44.0,379.0,406.0,278.0,9901.0,1229.0,11307.28058953957,0,379,0,0.0,1534.0
20,hutool,cn.hutool.core.collection.CollUtilTest.getFieldValuesTest,8.0,1.0,0.375,0.0,0.0,8,0.0,0,0.0,0.0,0.0,2386.0,8126.0,0.0,44.0,379.0,406.0,278.0,9901.0,1229.0,11307.28058953957,0,379,0,0.0,1534.0
20,hutool,cn.hutool.core.collection.CollUtilTest.splitTest,6.0,1.0,0.5,2.0,0.0,7,0.0,0,0.0,0.0,0.0,2386.0,8126.0,0.0,44.0,379.0,406.0,278.0,9901.0,1229.0,11307.28058953957,0,379,0,0.0,1534.0
20,hutool,cn.hutool.core.collection.CollUtilTest.foreachTest,16.0,3.0,0.0625,0.0,0.0,6,0.0,0,3.0,0.0,0.0,2386.0,8126.0,0.0,44.0,379.0,406.0,278.0,9901.0,1229.0,11307.28058953957,0,379,0,0.0,1534.0
20,hutool,cn.hutool.core.collection.CollUtilTest.accept,5.0,2.0,0.0,0.0,0.0,0,0.0,0,1.0,0.0,0.0,2386.0,8126.0,0.0,44.0,379.0,406.0,278.0,9901.0,1229.0,11307.28058953957,0,379,0,0.0,1534.0
20,hutool,cn.hutool.core.collection.CollUtilTest.filterTest,10.0,2.0,0.1,0.0,0.0,11,0.0,0,0.0,0.0,0.0,2386.0,8126.0,0.0,44.0,379.0,406.0,278.0,9901.0,1229.0,11307.28058953957,0,379,0,0.0,1534.0
20,hutool,cn.hutool.core.collection.CollUtilTest.edit,3.0,2.0,0.0,0.0,0.0,0,0.0,0,0.0,0.0,0.0,2386.0,8126.0,0.0,44.0,379.0,406.0,278.0,9901.0,1229.0,11307.28058953957,0,379,0,0.0,1534.0
20,hutool,cn.hutool.core.collection.CollUtilTest.groupTest,13.0,2.0,0.38461538461538464,1.0,0.0,7,0.0,0,0.0,0.0,0.0,2386.0,8126.0,0.0,44.0,379.0,406.0,278.0,9901.0,1229.0,11307.28058953957,0,379,0,0.0,1534.0
20,hutool,cn.hutool.core.collection.CollUtilTest.hash,3.0,2.0,0.0,0.0,0.0,0,0.0,0,0.0,0.0,0.0,2386.0,8126.0,0.0,44.0,379.0,406.0,278.0,9901.0,1229.0,11307.28058953957,0,379,0,0.0,1534.0
20,hutool,cn.hutool.core.collection.CollUtilTest.groupByFieldTest,7.0,1.0,0.7142857142857143,0.0,0.0,7,0.0,0,0.0,0.0,0.0,2386.0,8126.0,0.0,44.0,379.0,406.0,278.0,9901.0,1229.0,11307.28058953957,0,379,0,0.0,1534.0
20,hutool,cn.hutool.core.collection.CollUtilTest.sortByPropertyTest,7.0,1.0,0.7142857142857143,0.0,0.0,8,0.0,0,0.0,0.0,0.0,2386.0,8126.0,0.0,44.0,379.0,406.0,278.0,9901.0,1229.0,11307.28058953957,0,379,0,0.0,1534.0
20,hutool,cn.hutool.core.collection.CollUtilTest.listTest,6.0,1.0,0.5,2.0,0.0,6,0.0,0,0.0,0.0,0.0,2386.0,8126.0,0.0,44.0,379.0,406.0,278.0,9901.0,1229.0,11307.28058953957,0,379,0,0.0,1534.0
20,hutool,cn.hutool.core.collection.CollUtilTest.listTest2,6.0,1.0,0.5,0.0,0.0,6,2.0,0,0.0,0.0,0.0,2386.0,8126.0,0.0,44.0,379.0,406.0,278.0,9901.0,1229.0,11307.28058953957,0,379,0,0.0,1534.0
20,hutool,cn.hutool.core.collection.CollUtilTest.listTest3,10.0,1.0,0.3,0.0,0.0,6,2.0,0,0.0,0.0,0.0,2386.0,8126.0,0.0,44.0,379.0,406.0,278.0,9901.0,1229.0,11307.28058953957,0,379,0,0.0,1534.0
20,hutool,cn.hutool.core.collection.CollUtilTest.getTest,7.0,1.0,0.42857142857142855,0.0,0.0,7,0.0,0,0.0,0.0,0.0,2386.0,8126.0,0.0,44.0,379.0,406.0,278.0,9901.0,1229.0,11307.28058953957,0,379,0,0.0,1534.0
20,hutool,cn.hutool.core.collection.CollUtilTest.addAllIfNotContainsTest,13.0,1.0,0.5384615384615384,1.0,0.0,2,0.0,0,0.0,0.0,0.0,2386.0,8126.0,0.0,44.0,379.0,406.0,278.0,9901.0,1229.0,11307.28058953957,0,379,0,0.0,1534.0
20,hutool,cn.hutool.core.collection.IterUtilTest.countMapTest,8.0,1.0,0.875,0.0,0.0,2,0.0,0,0.0,0.0,0.0,553.0,496.0,0.0,11.0,97.0,106.0,74.0,2295.0,325.0,2515.00863981076,0,0,0,0.0,0.0
20,hutool,cn.hutool.core.collection.IterUtilTest.fieldValueMapTest,7.0,1.0,0.7142857142857143,0.0,0.0,2,0.0,0,0.0,0.0,0.0,553.0,496.0,0.0,11.0,97.0,106.0,74.0,2295.0,325.0,2515.00863981076,0,0,0,0.0,0.0
20,hutool,cn.hutool.core.collection.IterUtilTest.joinTest,11.0,1.0,0.45454545454545453,0.0,0.0,4,0.0,0,0.0,0.0,0.0,553.0,496.0,0.0,11.0,97.0,106.0,74.0,2295.0,325.0,2515.00863981076,0,0,0,0.0,0.0
20,hutool,cn.hutool.core.collection.MapProxyTest.mapProxyTest,12.0,1.0,0.4166666666666667,3.0,0.0,4,0.0,0,0.0,0.0,0.0,111.0,0.0,0.0,4.0,27.0,28.0,13.0,280.0,93.0,524.0354330947401,0,0,0,0.0,0.0
20,hutool,cn.hutool.core.comparator.VersionComparatorTest.versionComparatorTest1,4.0,1.0,0.25,1.0,0.0,1,0.0,0,0.0,0.0,0.0,102.0,3.0,3.0,5.0,11.0,11.0,8.0,423.0,120.0,725.6846614855533,0,0,0,0.0,0.0
20,hutool,cn.hutool.core.comparator.VersionComparatorTest.versionComparatorTest2,4.0,1.0,0.25,1.0,0.0,1,0.0,0,0.0,0.0,0.0,102.0,3.0,3.0,5.0,11.0,11.0,8.0,423.0,120.0,725.6846614855533,0,0,0,0.0,0.0
20,hutool,cn.hutool.core.comparator.VersionComparatorTest.versionComparatorTest3,4.0,1.0,0.25,1.0,0.0,1,0.0,0,0.0,0.0,0.0,102.0,3.0,3.0,5.0,11.0,11.0,8.0,423.0,120.0,725.6846614855533,0,0,0,0.0,0.0
20,hutool,cn.hutool.core.comparator.VersionComparatorTest.versionComparatorTest4,4.0,1.0,0.25,1.0,0.0,1,0.0,0,0.0,0.0,0.0,102.0,3.0,3.0,5.0,11.0,11.0,8.0,423.0,120.0,725.6846614855533,0,0,0,0.0,0.0
20,hutool,cn.hutool.core.comparator.VersionComparatorTest.versionComparatorTest5,4.0,1.0,0.25,1.0,0.0,1,0.0,0,0.0,0.0,0.0,102.0,3.0,3.0,5.0,11.0,11.0,8.0,423.0,120.0,725.6846614855533,0,0,0,0.0,0.0
20,hutool,cn.hutool.core.comparator.VersionComparatorTest.versionComparatorTes6,4.0,1.0,0.25,1.0,0.0,1,0.0,0,0.0,0.0,0.0,102.0,3.0,3.0,5.0,11.0,11.0,8.0,423.0,120.0,725.6846614855533,0,0,0,0.0,0.0
20,hutool,cn.hutool.core.convert.ConverterRegistryTest.customTest,7.0,1.0,0.14285714285714285,0.0,0.0,6,0.0,0,0.0,0.0,0.0,366.0,62.0,10.0,48.0,34.0,35.0,23.0,1200.0,281.0,1992.3115908530817,0,0,0,0.0,0.0
20,hutool,cn.hutool.core.convert.ConvertTest.toObjectTest,4.0,1.0,0.25,0.0,0.0,4,0.0,0,0.0,0.0,0.0,962.0,2556.0,0.0,18.0,164.0,144.0,72.0,3008.0,504.0,4036.551465275144,0,0,0,0.0,0.0
20,hutool,cn.hutool.core.convert.ConvertTest.toStrTest,8.0,1.0,0.375,0.0,0.0,2,0.0,0,0.0,0.0,0.0,962.0,2556.0,0.0,18.0,164.0,144.0,72.0,3008.0,504.0,4036.551465275144,0,0,0,0.0,0.0
20,hutool,cn.hutool.core.convert.ConvertTest.toStrTest2,4.0,1.0,0.25,0.0,0.0,4,0.0,0,0.0,0.0,0.0,962.0,2556.0,0.0,18.0,164.0,144.0,72.0,3008.0,504.0,4036.551465275144,0,0,0,0.0,0.0
20,hutool,cn.hutool.core.convert.ConvertTest.toStrTest3,5.0,1.0,0.2,0.0,0.0,4,0.0,0,0.0,0.0,0.0,962.0,2556.0,0.0,18.0,164.0,144.0,72.0,3008.0,504.0,4036.551465275144,0,0,0,0.0,0.0
20,hutool,cn.hutool.core.convert.ConvertTest.toIntTest,7.0,1.0,0.42857142857142855,2.0,0.0,6,0.0,0,0.0,0.0,0.0,962.0,2556.0,0.0,18.0,164.0,144.0,72.0,3008.0,504.0,4036.551465275144,0,0,0,0.0,0.0
20,hutool,cn.hutool.core.convert.ConvertTest.toLongTest,7.0,1.0,0.42857142857142855,2.0,0.0,6,0.0,0,0.0,0.0,0.0,962.0,2556.0,0.0,18.0,164.0,144.0,72.0,3008.0,504.0,4036.551465275144,0,0,0,0.0,0.0
20,hutool,cn.hutool.core.convert.ConvertTest.toCharTest,8.0,1.0,0.375,2.0,0.0,2,0.0,0,0.0,0.0,0.0,962.0,2556.0,0.0,18.0,164.0,144.0,72.0,3008.0,504.0,4036.551465275144,0,0,0,0.0,0.0
20,hutool,cn.hutool.core.convert.ConvertTest.toNumberTest,5.0,1.0,0.2,1.0,0.0,2,0.0,0,0.0,0.0,0.0,962.0,2556.0,0.0,18.0,164.0,144.0,72.0,3008.0,504.0,4036.551465275144,0,0,0,0.0,0.0
20,hutool,cn.hutool.core.convert.ConvertTest.emptyToNumberTest,5.0,1.0,0.2,1.0,0.0,2,0.0,0,0.0,0.0,0.0,962.0,2556.0,0.0,18.0,164.0,144.0,72.0,3008.0,504.0,4036.551465275144,0,0,0,0.0,0.0
20,hutool,cn.hutool.core.convert.ConvertTest.toDateTest,8.0,2.0,0.375,2.0,0.0,2,0.0,0,1.0,0.0,0.0,962.0,2556.0,0.0,18.0,164.0,144.0,72.0,3008.0,504.0,4036.551465275144,0,0,0,0.0,0.0
20,hutool,cn.hutool.core.convert.ConvertTest.toSqlDateTest,8.0,1.0,0.375,1.0,0.0,4,1.0,0,0.0,0.0,0.0,962.0,2556.0,0.0,18.0,164.0,144.0,72.0,3008.0,504.0,4036.551465275144,0,0,0,0.0,0.0
20,hutool,cn.hutool.core.convert.ConvertTest.intAndByteConvertTest,7.0,1.0,0.42857142857142855,2.0,0.0,2,0.0,0,0.0,0.0,0.0,962.0,2556.0,0.0,18.0,164.0,144.0,72.0,3008.0,504.0,4036.551465275144,0,0,0,0.0,0.0
20,hutool,cn.hutool.core.convert.ConvertTest.intAndBytesTest,6.0,1.0,0.16666666666666666,1.0,0.0,2,0.0,0,0.0,0.0,0.0,962.0,2556.0,0.0,18.0,164.0,144.0,72.0,3008.0,504.0,4036.551465275144,0,0,0,0.0,0.0
20,hutool,cn.hutool.core.convert.ConvertTest.longAndBytesTest,6.0,1.0,0.16666666666666666,1.0,0.0,2,0.0,0,0.0,0.0,0.0,962.0,2556.0,0.0,18.0,164.0,144.0,72.0,3008.0,504.0,4036.551465275144,0,0,0,0.0,0.0
20,hutool,cn.hutool.core.convert.ConvertTest.shortAndBytesTest,6.0,1.0,0.16666666666666666,1.0,0.0,2,0.0,0,0.0,0.0,0.0,962.0,2556.0,0.0,18.0,164.0,144.0,72.0,3008.0,504.0,4036.551465275144,0,0,0,0.0,0.0
20,hutool,cn.hutool.core.convert.NumberChineseFormaterTest.formatTest,18.0,2.0,0.8333333333333334,0.0,0.0,2,0.0,0,9.0,0.0,0.0,172.0,1.0,0.0,1.0,16.0,8.0,5.0,962.0,182.0,1250.1606300211586,0,0,0,0.0,0.0
20,hutool,cn.hutool.core.convert.NumberChineseFormaterTest.formatTest2,4.0,2.0,0.25,0.0,0.0,2,0.0,0,2.0,0.0,0.0,172.0,1.0,0.0,1.0,16.0,8.0,5.0,962.0,182.0,1250.1606300211586,0,0,0,0.0,0.0
20,hutool,cn.hutool.core.convert.NumberChineseFormaterTest.formatTranditionalTest,18.0,2.0,0.8333333333333334,0.0,0.0,2,0.0,0,9.0,0.0,0.0,172.0,1.0,0.0,1.0,16.0,8.0,5.0,962.0,182.0,1250.1606300211586,0,0,0,0.0,0.0
20,hutool,cn.hutool.core.convert.NumberChineseFormaterTest.digitToChineseTest,8.0,1.0,0.625,0.0,0.0,0,0.0,0,0.0,0.0,0.0,172.0,1.0,0.0,1.0,16.0,8.0,5.0,962.0,182.0,1250.1606300211586,0,0,0,0.0,0.0
20,hutool,cn.hutool.core.date.BetweenFormaterTest.formatTest,5.0,2.0,0.2,0.0,0.0,1,1.0,0,3.0,0.0,0.0,171.0,5.0,1.0,1.0,21.0,18.0,7.0,670.0,146.0,950.0625460082117,0,0,0,0.0,0.0
20,hutool,cn.hutool.core.date.BetweenFormaterTest.formatBetweenTest,5.0,2.0,0.2,0.0,0.0,1,1.0,0,3.0,0.0,0.0,171.0,5.0,1.0,1.0,21.0,18.0,7.0,670.0,146.0,950.0625460082117,0,0,0,0.0,0.0
20,hutool,cn.hutool.core.date.BetweenFormaterTest.formatTest2,4.0,2.0,0.25,0.0,0.0,1,1.0,0,3.0,0.0,0.0,171.0,5.0,1.0,1.0,21.0,18.0,7.0,670.0,146.0,950.0625460082117,0,0,0,0.0,0.0
20,hutool,cn.hutool.core.date.DateBetweenTest.betweenYearTest,14.0,1.0,0.35714285714285715,3.0,0.0,1,0.0,0,0.0,0.0,0.0,153.0,0.0,2.0,2.0,23.0,23.0,14.0,550.0,132.0,832.9092127259001,0,0,0,0.0,0.0
20,hutool,cn.hutool.core.date.DateBetweenTest.betweenMonthTest,14.0,1.0,0.35714285714285715,3.0,0.0,1,0.0,0,0.0,0.0,0.0,153.0,0.0,2.0,2.0,23.0,23.0,14.0,550.0,132.0,832.9092127259001,0,0,0,0.0,0.0
20,hutool,cn.hutool.core.date.DateTimeTest.datetimeTest,11.0,1.0,0.6363636363636364,4.0,0.0,4,0.0,0,0.0,0.0,0.0,915.0,2659.0,23.0,13.0,175.0,180.0,105.0,2836.0,522.0,4149.9782413543535,0,0,0,0.0,140.0
20,hutool,cn.hutool.core.date.DateTimeTest.quarterTest,20.0,1.0,0.55,6.0,0.0,1,0.0,0,0.0,0.0,0.0,915.0,2659.0,23.0,13.0,175.0,180.0,105.0,2836.0,522.0,4149.9782413543535,0,0,0,0.0,140.0
20,hutool,cn.hutool.core.date.DateTimeTest.mutableTest,8.0,1.0,0.375,2.0,0.0,2,0.0,0,0.0,0.0,0.0,915.0,2659.0,23.0,13.0,175.0,180.0,105.0,2836.0,522.0,4149.9782413543535,0,0,0,0.0,140.0
20,hutool,cn.hutool.core.date.DateTimeTest.toStringTest,6.0,1.0,0.5,0.0,0.0,5,1.0,0,0.0,0.0,0.0,915.0,2659.0,23.0,13.0,175.0,180.0,105.0,2836.0,522.0,4149.9782413543535,0,0,0,0.0,140.0
20,hutool,cn.hutool.core.date.DateTimeTest.monthTest,4.0,1.0,0.25,1.0,0.0,3,0.0,0,0.0,0.0,0.0,915.0,2659.0,23.0,13.0,175.0,180.0,105.0,2836.0,522.0,4149.9782413543535,0,0,0,0.0,140.0
20,hutool,cn.hutool.core.date.DateUtilTest.dateTest,6.0,1.0,0.0,0.0,0.0,5,0.0,0,0.0,0.0,0.0,1674.0,8001.0,0.0,13.0,310.0,371.0,244.0,5608.0,855.0,7380.316761550835,0,310,0,0.0,754.0
20,hutool,cn.hutool.core.date.DateUtilTest.nowTest,12.0,1.0,0.75,5.0,0.0,6,0.0,0,0.0,0.0,0.0,1674.0,8001.0,0.0,13.0,310.0,371.0,244.0,5608.0,855.0,7380.316761550835,0,310,0,0.0,754.0
20,hutool,cn.hutool.core.date.DateUtilTest.formatAndParseTest,12.0,2.0,0.5833333333333334,0.0,0.0,10,0.0,0,13.0,0.0,0.0,1674.0,8001.0,0.0,13.0,310.0,371.0,244.0,5608.0,855.0,7380.316761550835,0,310,0,0.0,754.0
20,hutool,cn.hutool.core.date.DateUtilTest.beginAndEndTest,8.0,1.0,0.375,0.0,0.0,8,2.0,0,0.0,0.0,0.0,1674.0,8001.0,0.0,13.0,310.0,371.0,244.0,5608.0,855.0,7380.316761550835,0,310,0,0.0,754.0
20,hutool,cn.hutool.core.date.DateUtilTest.beginAndWeedTest,13.0,1.0,0.5384615384615384,0.0,0.0,16,4.0,0,0.0,0.0,0.0,1674.0,8001.0,0.0,13.0,310.0,371.0,244.0,5608.0,855.0,7380.316761550835,0,310,0,0.0,754.0
20,hutool,cn.hutool.core.date.DateUtilTest.offsetDateTest,12.0,1.0,0.5833333333333334,0.0,0.0,8,4.0,0,0.0,0.0,0.0,1674.0,8001.0,0.0,13.0,310.0,371.0,244.0,5608.0,855.0,7380.316761550835,0,310,0,0.0,754.0
20,hutool,cn.hutool.core.date.DateUtilTest.test1,10.0,2.0,0.0,0.0,0.0,2,0.0,0,2.0,0.0,0.0,1674.0,8001.0,0.0,13.0,310.0,371.0,244.0,5608.0,855.0,7380.316761550835,0,310,0,0.0,754.0
20,hutool,cn.hutool.core.date.DateUtilTest.betweenTest,30.0,1.0,0.7666666666666667,12.0,0.0,7,0.0,0,0.0,0.0,0.0,1674.0,8001.0,0.0,13.0,310.0,371.0,244.0,5608.0,855.0,7380.316761550835,0,310,0,0.0,754.0
20,hutool,cn.hutool.core.date.DateUtilTest.formatBetweenTest,9.0,2.0,0.1111111111111111,0.0,0.0,10,0.0,0,4.0,0.0,0.0,1674.0,8001.0,0.0,13.0,310.0,371.0,244.0,5608.0,855.0,7380.316761550835,0,310,0,0.0,754.0
20,hutool,cn.hutool.core.date.DateUtilTest.timerTest,6.0,1.0,0.0,0.0,0.0,1,0.0,0,0.0,0.0,0.0,1674.0,8001.0,0.0,13.0,310.0,371.0,244.0,5608.0,855.0,7380.316761550835,0,310,0,0.0,754.0
20,hutool,cn.hutool.core.date.DateUtilTest.currentTest,8.0,1.0,0.375,2.0,0.0,1,0.0,0,0.0,0.0,0.0,1674.0,8001.0,0.0,13.0,310.0,371.0,244.0,5608.0,855.0,7380.316761550835,0,310,0,0.0,754.0
20,hutool,cn.hutool.core.date.DateUtilTest.weekOfYearTest,6.0,1.0,0.5,2.0,0.0,5,0.0,0,0.0,0.0,0.0,1674.0,8001.0,0.0,13.0,310.0,371.0,244.0,5608.0,855.0,7380.316761550835,0,310,0,0.0,754.0
20,hutool,cn.hutool.core.date.DateUtilTest.timeToSecondTest,10.0,1.0,0.7,4.0,0.0,1,0.0,0,0.0,0.0,0.0,1674.0,8001.0,0.0,13.0,310.0,371.0,244.0,5608.0,855.0,7380.316761550835,0,310,0,0.0,754.0
20,hutool,cn.hutool.core.date.DateUtilTest.secondToTime,10.0,1.0,0.7,0.0,0.0,1,0.0,0,0.0,0.0,0.0,1674.0,8001.0,0.0,13.0,310.0,371.0,244.0,5608.0,855.0,7380.316761550835,0,310,0,0.0,754.0
20,hutool,cn.hutool.core.date.DateUtilTest.parseTest,6.0,3.0,0.16666666666666666,1.0,0.0,4,0.0,0,2.0,0.0,0.0,1674.0,8001.0,0.0,13.0,310.0,371.0,244.0,5608.0,855.0,7380.316761550835,0,310,0,0.0,754.0
20,hutool,cn.hutool.core.date.DateUtilTest.parseTest2,6.0,2.0,0.16666666666666666,1.0,0.0,5,0.0,0,0.0,0.0,0.0,1674.0,8001.0,0.0,13.0,310.0,371.0,244.0,5608.0,855.0,7380.316761550835,0,310,0,0.0,754.0
20,hutool,cn.hutool.core.date.DateUtilTest.parseTest3,6.0,3.0,0.16666666666666666,1.0,0.0,7,0.0,0,3.0,0.0,0.0,1674.0,8001.0,0.0,13.0,310.0,371.0,244.0,5608.0,855.0,7380.316761550835,0,310,0,0.0,754.0
20,hutool,cn.hutool.core.date.DateUtilTest.parseDateTest,6.0,3.0,0.16666666666666666,0.0,0.0,4,0.0,0,3.0,0.0,0.0,1674.0,8001.0,0.0,13.0,310.0,371.0,244.0,5608.0,855.0,7380.316761550835,0,310,0,0.0,754.0
20,hutool,cn.hutool.core.date.DateUtilTest.parseToDateTimeTest1,13.0,1.0,0.38461538461538464,3.0,0.0,4,0.0,0,0.0,0.0,0.0,1674.0,8001.0,0.0,13.0,310.0,371.0,244.0,5608.0,855.0,7380.316761550835,0,310,0,0.0,754.0
20,hutool,cn.hutool.core.date.DateUtilTest.parseToDateTimeTest2,13.0,1.0,0.38461538461538464,3.0,0.0,4,0.0,0,0.0,0.0,0.0,1674.0,8001.0,0.0,13.0,310.0,371.0,244.0,5608.0,855.0,7380.316761550835,0,310,0,0.0,754.0
20,hutool,cn.hutool.core.date.DateUtilTest.parseToDateTimeTest3,13.0,1.0,0.38461538461538464,3.0,0.0,4,0.0,0,0.0,0.0,0.0,1674.0,8001.0,0.0,13.0,310.0,371.0,244.0,5608.0,855.0,7380.316761550835,0,310,0,0.0,754.0
20,hutool,cn.hutool.core.date.DateUtilTest.parseToDateTimeTest4,7.0,1.0,0.14285714285714285,1.0,0.0,4,0.0,0,0.0,0.0,0.0,1674.0,8001.0,0.0,13.0,310.0,371.0,244.0,5608.0,855.0,7380.316761550835,0,310,0,0.0,754.0
20,hutool,cn.hutool.core.date.DateUtilTest.parseToDateTimeTest5,7.0,1.0,0.14285714285714285,1.0,0.0,4,0.0,0,0.0,0.0,0.0,1674.0,8001.0,0.0,13.0,310.0,371.0,244.0,5608.0,855.0,7380.316761550835,0,310,0,0.0,754.0
20,hutool,cn.hutool.core.date.DateUtilTest.parseUTCTest,8.0,2.0,0.375,0.0,0.0,1,0.0,0,0.0,0.0,0.0,1674.0,8001.0,0.0,13.0,310.0,371.0,244.0,5608.0,855.0,7380.316761550835,0,310,0,0.0,754.0
20,hutool,cn.hutool.core.date.DateUtilTest.endOfWeekTest,7.0,1.0,0.14285714285714285,1.0,0.0,12,0.0,0,0.0,0.0,0.0,1674.0,8001.0,0.0,13.0,310.0,371.0,244.0,5608.0,855.0,7380.316761550835,0,310,0,0.0,754.0
20,hutool,cn.hutool.core.date.DateUtilTest.dayOfWeekTest,6.0,1.0,0.5,2.0,0.0,6,0.0,0,0.0,0.0,0.0,1674.0,8001.0,0.0,13.0,310.0,371.0,244.0,5608.0,855.0,7380.316761550835,0,310,0,0.0,754.0
20,hutool,cn.hutool.core.date.DateUtilTest.rangeTest,25.0,2.0,0.52,0.0,0.0,5,0.0,0,0.0,0.0,0.0,1674.0,8001.0,0.0,13.0,310.0,371.0,244.0,5608.0,855.0,7380.316761550835,0,310,0,0.0,754.0
20,hutool,cn.hutool.core.date.DateUtilTest.rangeToListTest,7.0,1.0,0.42857142857142855,0.0,0.0,5,0.0,0,0.0,0.0,0.0,1674.0,8001.0,0.0,13.0,310.0,371.0,244.0,5608.0,855.0,7380.316761550835,0,310,0,0.0,754.0
20,hutool,cn.hutool.core.exceptions.ExceptionUtilTest.wrapTest,4.0,1.0,0.25,1.0,0.0,1,0.0,0,0.0,0.0,0.0,246.0,103.0,0.0,9.0,53.0,44.0,29.0,932.0,194.0,1326.4425660490047,0,0,0,0.0,0.0
20,hutool,cn.hutool.core.exceptions.ExceptionUtilTest.getRootTest,4.0,1.0,0.25,0.0,0.0,1,0.0,0,0.0,0.0,0.0,246.0,103.0,0.0,9.0,53.0,44.0,29.0,932.0,194.0,1326.4425660490047,0,0,0,0.0,0.0
20,hutool,cn.hutool.core.io.BufferUtilTest.copyTest,6.0,1.0,0.16666666666666666,0.0,0.0,4,0.0,0,0.0,0.0,0.0,191.0,45.0,0.0,3.0,28.0,36.0,26.0,719.0,161.0,1059.0356785930885,0,0,0,0.0,0.0
20,hutool,cn.hutool.core.io.BufferUtilTest.readBytesTest,6.0,1.0,0.16666666666666666,0.0,0.0,3,0.0,0,0.0,0.0,0.0,191.0,45.0,0.0,3.0,28.0,36.0,26.0,719.0,161.0,1059.0356785930885,0,0,0,0.0,0.0
20,hutool,cn.hutool.core.io.BufferUtilTest.readBytes2Test,6.0,1.0,0.16666666666666666,0.0,0.0,3,0.0,0,0.0,0.0,0.0,191.0,45.0,0.0,3.0,28.0,36.0,26.0,719.0,161.0,1059.0356785930885,0,0,0,0.0,0.0
20,hutool,cn.hutool.core.io.BufferUtilTest.readLineTest,11.0,1.0,0.6363636363636364,1.0,0.0,4,0.0,0,0.0,0.0,0.0,191.0,45.0,0.0,3.0,28.0,36.0,26.0,719.0,161.0,1059.0356785930885,0,0,0,0.0,0.0
20,hutool,cn.hutool.core.io.ClassPathResourceTest.readStringTest,5.0,2.0,0.2,1.0,0.0,0,0.0,0,0.0,0.0,0.0,144.0,0.0,2.0,7.0,19.0,26.0,16.0,427.0,117.0,708.6437295477491,0,0,0,0.0,0.0
20,hutool,cn.hutool.core.io.ClassPathResourceTest.readStringTest2,5.0,2.0,0.2,1.0,0.0,0,0.0,0,0.0,0.0,0.0,144.0,0.0,2.0,7.0,19.0,26.0,16.0,427.0,117.0,708.6437295477491,0,0,0,0.0,0.0
20,hutool,cn.hutool.core.io.ClassPathResourceTest.readTest,7.0,2.0,0.42857142857142855,0.0,0.0,0,0.0,0,0.0,0.0,0.0,144.0,0.0,2.0,7.0,19.0,26.0,16.0,427.0,117.0,708.6437295477491,0,0,0,0.0,0.0
20,hutool,cn.hutool.core.io.ClassPathResourceTest.readFromJarTest,7.0,2.0,0.42857142857142855,2.0,0.0,0,0.0,0,0.0,0.0,0.0,144.0,0.0,2.0,7.0,19.0,26.0,16.0,427.0,117.0,708.6437295477491,0,0,0,0.0,0.0
20,hutool,cn.hutool.core.io.ClassPathResourceTest.getAbsTest,5.0,1.0,0.2,0.0,0.0,1,0.0,0,0.0,0.0,0.0,144.0,0.0,2.0,7.0,19.0,26.0,16.0,427.0,117.0,708.6437295477491,0,0,0,0.0,0.0
20,hutool,cn.hutool.core.io.FileCopierTest.dirCopyTest,4.0,1.0,0.0,0.0,2.0,3,0.0,0,0.0,0.0,0.0,278.0,67.0,3.0,11.0,41.0,44.0,30.0,999.0,217.0,1498.7657869667362,0,0,0,0.0,0.0
20,hutool,cn.hutool.core.io.FileCopierTest.dirCopyTest2,5.0,1.0,0.0,0.0,3.0,3,0.0,0,0.0,0.0,0.0,278.0,67.0,3.0,11.0,41.0,44.0,30.0,999.0,217.0,1498.7657869667362,0,0,0,0.0,0.0
20,hutool,cn.hutool.core.io.FileCopierTest.copyFileToDirTest,4.0,1.0,0.0,0.0,3.0,3,0.0,0,0.0,0.0,0.0,278.0,67.0,3.0,11.0,41.0,44.0,30.0,999.0,217.0,1498.7657869667362,0,0,0,0.0,0.0
20,hutool,cn.hutool.core.io.FileReaderTest.fileReaderTest,5.0,1.0,0.2,1.0,2.0,1,0.0,0,0.0,0.0,0.0,293.0,153.0,0.0,16.0,49.0,45.0,27.0,1099.0,206.0,1442.444126607146,0,0,0,0.0,0.0
20,hutool,cn.hutool.core.io.FileTypeUtilTest.fileTypeUtilTest,8.0,1.0,0.375,0.0,6.0,4,0.0,1,0.0,0.0,0.0,165.0,15.0,0.0,7.0,18.0,22.0,15.0,541.0,147.0,925.1326339904327,0,0,0,0.0,0.0
20,hutool,cn.hutool.core.io.FileTypeUtilTest.emptyTest,5.0,1.0,0.0,0.0,3.0,3,0.0,1,0.0,0.0,0.0,165.0,15.0,0.0,7.0,18.0,22.0,15.0,541.0,147.0,925.1326339904327,0,0,0,0.0,0.0
20,hutool,cn.hutool.core.io.FileUtilTest.fileTest,5.0,1.0,0.2,1.0,3.0,7,0.0,1,0.0,0.0,0.0,3280.0,18522.0,32.0,53.0,626.0,645.0,452.0,13173.0,1337.0,12682.68113569028,0,626,0,0.0,2195.0
20,hutool,cn.hutool.core.io.FileUtilTest.getAbsolutePathTest,7.0,1.0,0.7142857142857143,3.0,2.0,3,0.0,0,0.0,0.0,0.0,3280.0,18522.0,32.0,53.0,626.0,645.0,452.0,13173.0,1337.0,12682.68113569028,0,626,0,0.0,2195.0
20,hutool,cn.hutool.core.io.FileUtilTest.getAbsolutePathTest2,4.0,1.0,0.25,0.0,1.0,3,0.0,0,0.0,0.0,0.0,3280.0,18522.0,32.0,53.0,626.0,645.0,452.0,13173.0,1337.0,12682.68113569028,0,626,0,0.0,2195.0
20,hutool,cn.hutool.core.io.FileUtilTest.touchTest,3.0,1.0,0.0,0.0,1.0,0,0.0,0,0.0,0.0,0.0,3280.0,18522.0,32.0,53.0,626.0,645.0,452.0,13173.0,1337.0,12682.68113569028,0,626,0,0.0,2195.0
20,hutool,cn.hutool.core.io.FileUtilTest.delTest,4.0,1.0,0.25,1.0,1.0,2,0.0,0,0.0,0.0,0.0,3280.0,18522.0,32.0,53.0,626.0,645.0,452.0,13173.0,1337.0,12682.68113569028,0,626,0,0.0,2195.0
20,hutool,cn.hutool.core.io.FileUtilTest.renameTest,3.0,1.0,0.0,0.0,2.0,8,0.0,0,0.0,0.0,0.0,3280.0,18522.0,32.0,53.0,626.0,645.0,452.0,13173.0,1337.0,12682.68113569028,0,626,0,0.0,2195.0
20,hutool,cn.hutool.core.io.FileUtilTest.copyTest,7.0,2.0,0.42857142857142855,2.0,12.0,9,0.0,1,0.0,0.0,0.0,3280.0,18522.0,32.0,53.0,626.0,645.0,452.0,13173.0,1337.0,12682.68113569028,0,626,0,0.0,2195.0
20,hutool,cn.hutool.core.io.FileUtilTest.copyFilesFromDir,5.0,2.0,0.0,0.0,11.0,8,0.0,2,0.0,0.0,0.0,3280.0,18522.0,32.0,53.0,626.0,645.0,452.0,13173.0,1337.0,12682.68113569028,0,626,0,0.0,2195.0
20,hutool,cn.hutool.core.io.FileUtilTest.equlasTest,10.0,1.0,0.3,2.0,18.0,8,0.0,4,0.0,0.0,0.0,3280.0,18522.0,32.0,53.0,626.0,645.0,452.0,13173.0,1337.0,12682.68113569028,0,626,0,0.0,2195.0
20,hutool,cn.hutool.core.io.FileUtilTest.convertLineSeparatorTest,3.0,1.0,0.0,0.0,2.0,8,0.0,0,0.0,0.0,0.0,3280.0,18522.0,32.0,53.0,626.0,645.0,452.0,13173.0,1337.0,12682.68113569028,0,626,0,0.0,2195.0
20,hutool,cn.hutool.core.io.FileUtilTest.normalizeTest,19.0,1.0,1.736842105263158,0.0,17.0,1,0.0,0,0.0,0.0,0.0,3280.0,18522.0,32.0,53.0,626.0,645.0,452.0,13173.0,1337.0,12682.68113569028,0,626,0,0.0,2195.0
20,hutool,cn.hutool.core.io.FileUtilTest.normalizeClassPathTest,3.0,1.0,0.3333333333333333,0.0,1.0,1,0.0,0,0.0,0.0,0.0,3280.0,18522.0,32.0,53.0,626.0,645.0,452.0,13173.0,1337.0,12682.68113569028,0,626,0,0.0,2195.0
20,hutool,cn.hutool.core.io.FileUtilTest.doubleNormalizeTest,6.0,1.0,0.5,1.0,2.0,1,0.0,0,0.0,0.0,0.0,3280.0,18522.0,32.0,53.0,626.0,645.0,452.0,13173.0,1337.0,12682.68113569028,0,626,0,0.0,2195.0
20,hutool,cn.hutool.core.io.FileUtilTest.subPathTest,17.0,1.0,0.7647058823529411,0.0,7.0,3,7.0,0,0.0,0.0,0.0,3280.0,18522.0,32.0,53.0,626.0,645.0,452.0,13173.0,1337.0,12682.68113569028,0,626,0,0.0,2195.0
20,hutool,cn.hutool.core.io.FileUtilTest.subPathTest2,16.0,1.0,0.8125,0.0,7.0,3,0.0,0,0.0,0.0,0.0,3280.0,18522.0,32.0,53.0,626.0,645.0,452.0,13173.0,1337.0,12682.68113569028,0,626,0,0.0,2195.0
20,hutool,cn.hutool.core.io.FileUtilTest.getPathEle,11.0,1.0,0.6363636363636364,0.0,4.0,1,4.0,0,0.0,0.0,0.0,3280.0,18522.0,32.0,53.0,626.0,645.0,452.0,13173.0,1337.0,12682.68113569028,0,626,0,0.0,2195.0
20,hutool,cn.hutool.core.io.FileUtilTest.listFileNamesTest,8.0,1.0,0.625,0.0,7.0,1,0.0,0,0.0,0.0,0.0,3280.0,18522.0,32.0,53.0,626.0,645.0,452.0,13173.0,1337.0,12682.68113569028,0,626,0,0.0,2195.0
20,hutool,cn.hutool.core.io.FileUtilTest.loopFilesTest,6.0,2.0,0.0,0.0,5.0,4,0.0,1,1.0,0.0,0.0,3280.0,18522.0,32.0,53.0,626.0,645.0,452.0,13173.0,1337.0,12682.68113569028,0,626,0,0.0,2195.0
20,hutool,cn.hutool.core.io.FileUtilTest.getParentTest,16.0,2.0,0.6875,2.0,18.0,10,0.0,1,1.0,0.0,0.0,3280.0,18522.0,32.0,53.0,626.0,645.0,452.0,13173.0,1337.0,12682.68113569028,0,626,0,0.0,2195.0
20,hutool,cn.hutool.core.io.FileUtilTest.lastIndexOfSeparatorTest,5.0,1.0,0.2,1.0,1.0,1,0.0,0,0.0,0.0,0.0,3280.0,18522.0,32.0,53.0,626.0,645.0,452.0,13173.0,1337.0,12682.68113569028,0,626,0,0.0,2195.0
20,hutool,cn.hutool.core.io.FileUtilTest.getNameTest,8.0,1.0,0.375,0.0,2.0,2,0.0,0,0.0,0.0,0.0,3280.0,18522.0,32.0,53.0,626.0,645.0,452.0,13173.0,1337.0,12682.68113569028,0,626,0,0.0,2195.0
20,hutool,cn.hutool.core.io.FileUtilTest.mainNameTest,11.0,1.0,0.45454545454545453,0.0,3.0,2,0.0,0,0.0,0.0,0.0,3280.0,18522.0,32.0,53.0,626.0,645.0,452.0,13173.0,1337.0,12682.68113569028,0,626,0,0.0,2195.0
20,hutool,cn.hutool.core.io.FileUtilTest.extNameTest,11.0,1.0,0.45454545454545453,0.0,3.0,2,0.0,0,0.0,0.0,0.0,3280.0,18522.0,32.0,53.0,626.0,645.0,452.0,13173.0,1337.0,12682.68113569028,0,626,0,0.0,2195.0
20,hutool,cn.hutool.core.io.FileUtilTest.getWebRootTest,5.0,1.0,0.6,1.0,2.0,3,0.0,1,0.0,0.0,0.0,3280.0,18522.0,32.0,53.0,626.0,645.0,452.0,13173.0,1337.0,12682.68113569028,0,626,0,0.0,2195.0
20,hutool,cn.hutool.core.lang.AssertTest.isNullTest,4.0,1.0,0.0,0.0,0.0,0,0.0,0,0.0,0.0,0.0,655.0,595.0,0.0,5.0,145.0,84.0,49.0,2828.0,405.0,3218.6666359416677,0,0,0,0.0,0.0
20,hutool,cn.hutool.core.lang.AssertTest.notNullTest,4.0,1.0,0.0,0.0,0.0,0,0.0,0,0.0,0.0,0.0,655.0,595.0,0.0,5.0,145.0,84.0,49.0,2828.0,405.0,3218.6666359416677,0,0,0,0.0,0.0
20,hutool,cn.hutool.core.lang.CallerTest.getCallerTest,10.0,1.0,0.7,4.0,0.0,2,0.0,0,0.0,0.0,0.0,47.0,6.0,0.0,0.0,8.0,4.0,0.0,93.0,48.0,217.5647756713563,0,0,0,0.0,0.0
20,hutool,cn.hutool.core.lang.ClassScanerTest.scanTest,7.0,2.0,0.0,0.0,0.0,1,0.0,0,1.0,0.0,0.0,332.0,116.0,2.0,20.0,56.0,86.0,66.0,758.0,264.0,1750.5004138095862,0,0,0,0.0,0.0
20,hutool,cn.hutool.core.lang.ConsoleTest.logTest,6.0,2.0,0.0,0.0,0.0,0,0.0,0,1.0,0.0,0.0,157.0,66.0,0.0,4.0,23.0,33.0,21.0,487.0,93.0,575.5085634466808,0,0,0,0.0,0.0
20,hutool,cn.hutool.core.lang.ConsoleTest.printTest,5.0,2.0,0.0,0.0,0.0,6,0.0,0,1.0,0.0,0.0,157.0,66.0,0.0,4.0,23.0,33.0,21.0,487.0,93.0,575.5085634466808,0,0,0,0.0,0.0
20,hutool,cn.hutool.core.lang.ConsoleTest.errorTest,6.0,2.0,0.0,0.0,0.0,0,0.0,0,1.0,0.0,0.0,157.0,66.0,0.0,4.0,23.0,33.0,21.0,487.0,93.0,575.5085634466808,0,0,0,0.0,0.0
20,hutool,cn.hutool.core.lang.ConsoleTest.inputTest,5.0,1.0,0.0,0.0,0.0,5,0.0,0,0.0,0.0,0.0,157.0,66.0,0.0,4.0,23.0,33.0,21.0,487.0,93.0,575.5085634466808,0,0,0,0.0,0.0
20,hutool,cn.hutool.core.lang.DictTest.dictTest,5.0,1.0,0.2,1.0,0.0,3,0.0,0,0.0,0.0,0.0,409.0,703.0,0.0,13.0,78.0,95.0,57.0,1250.0,250.0,1782.7247075740866,0,0,0,0.0,0.0
20,hutool,cn.hutool.core.lang.ObjectIdTest.distinctTest,7.0,2.0,0.14285714285714285,1.0,0.0,2,0.0,0,1.0,0.0,0.0,168.0,10.0,4.0,9.0,19.0,33.0,28.0,634.0,167.0,1077.4921753910166,0,0,0,0.0,0.0
20,hutool,cn.hutool.core.lang.ObjectIdTest.nextTest,3.0,1.0,0.0,0.0,0.0,2,0.0,0,0.0,0.0,0.0,168.0,10.0,4.0,9.0,19.0,33.0,28.0,634.0,167.0,1077.4921753910166,0,0,0,0.0,0.0
20,hutool,cn.hutool.core.lang.RangeTest.dateRangeTest,15.0,3.0,0.2,0.0,0.0,1,0.0,0,1.0,0.0,0.0,181.0,0.0,0.0,4.0,24.0,22.0,12.0,712.0,163.0,1070.596699560152,0,0,0,0.0,0.0
20,hutool,cn.hutool.core.lang.RangeTest.step,6.0,3.0,0.0,0.0,0.0,0,0.0,0,1.0,0.0,0.0,181.0,0.0,0.0,4.0,24.0,22.0,12.0,712.0,163.0,1070.596699560152,0,0,0,0.0,0.0
20,hutool,cn.hutool.core.lang.SnowflakeTest.snowflakeTest1,5.0,1.0,0.0,0.0,0.0,1,0.0,0,0.0,0.0,0.0,102.0,0.0,0.0,1.0,14.0,11.0,7.0,462.0,149.0,914.1991687711791,0,0,0,0.0,0.0
20,hutool,cn.hutool.core.lang.SnowflakeTest.snowflakeTest,9.0,2.0,0.1111111111111111,1.0,0.0,1,0.0,0,1.0,0.0,0.0,102.0,0.0,0.0,1.0,14.0,11.0,7.0,462.0,149.0,914.1991687711791,0,0,0,0.0,0.0
20,hutool,cn.hutool.core.lang.StrFormatterTest.formatTest,8.0,2.0,0.625,0.0,0.0,1,0.0,0,10.0,0.0,0.0,72.0,0.0,0.0,2.0,6.0,9.0,8.0,466.0,111.0,682.0046053879466,0,0,1,0.0,0.0
20,hutool,cn.hutool.core.lang.StrSpliterTest.splitByCharTest,6.0,1.0,0.5,1.0,0.0,8,0.0,0,0.0,0.0,0.0,514.0,351.0,0.0,8.0,76.0,94.0,67.0,2147.0,218.0,1672.4582419375743,0,0,0,0.0,0.0
20,hutool,cn.hutool.core.lang.StrSpliterTest.splitByStrTest,6.0,1.0,0.5,1.0,0.0,8,0.0,0,0.0,0.0,0.0,514.0,351.0,0.0,8.0,76.0,94.0,67.0,2147.0,218.0,1672.4582419375743,0,0,0,0.0,0.0
20,hutool,cn.hutool.core.lang.StrSpliterTest.splitByBlankTest,6.0,1.0,0.5,1.0,0.0,8,0.0,0,0.0,0.0,0.0,514.0,351.0,0.0,8.0,76.0,94.0,67.0,2147.0,218.0,1672.4582419375743,0,0,0,0.0,0.0
20,hutool,cn.hutool.core.lang.StrSpliterTest.splitPathTest,6.0,1.0,0.5,1.0,0.0,2,0.0,0,0.0,0.0,0.0,514.0,351.0,0.0,8.0,76.0,94.0,67.0,2147.0,218.0,1672.4582419375743,0,0,0,0.0,0.0
20,hutool,cn.hutool.core.lang.TextSimilarityTest.similarDegreeTest,8.0,1.0,0.375,1.0,0.0,2,0.0,0,0.0,0.0,0.0,122.0,10.0,0.0,2.0,19.0,20.0,15.0,554.0,144.0,909.6717148916089,0,0,0,0.0,0.0
20,hutool,cn.hutool.core.lang.ValidatorTest.isNumberTest,6.0,1.0,1.1666666666666667,0.0,0.0,1,0.0,0,0.0,0.0,0.0,860.0,1953.0,4.0,10.0,160.0,134.0,71.0,3311.0,400.0,3242.0022150188984,16,0,0,0.0,148.0
20,hutool,cn.hutool.core.lang.ValidatorTest.isLetterTest,5.0,1.0,1.0,0.0,0.0,1,0.0,0,0.0,0.0,0.0,860.0,1953.0,4.0,10.0,160.0,134.0,71.0,3311.0,400.0,3242.0022150188984,16,0,0,0.0,148.0
20,hutool,cn.hutool.core.lang.ValidatorTest.isUperCaseTest,6.0,1.0,1.1666666666666667,0.0,0.0,1,0.0,0,0.0,0.0,0.0,860.0,1953.0,4.0,10.0,160.0,134.0,71.0,3311.0,400.0,3242.0022150188984,16,0,0,0.0,148.0
20,hutool,cn.hutool.core.lang.ValidatorTest.isLowerCaseTest,7.0,1.0,1.2857142857142858,0.0,0.0,1,0.0,0,0.0,0.0,0.0,860.0,1953.0,4.0,10.0,160.0,134.0,71.0,3311.0,400.0,3242.0022150188984,16,0,0,0.0,148.0
20,hutool,cn.hutool.core.lang.ValidatorTest.isBirthdayTest,15.0,1.0,1.0,5.0,0.0,2,0.0,0,0.0,0.0,0.0,860.0,1953.0,4.0,10.0,160.0,134.0,71.0,3311.0,400.0,3242.0022150188984,16,0,0,0.0,148.0
20,hutool,cn.hutool.core.lang.ValidatorTest.isCitizenIdTest,4.0,1.0,0.25,1.0,0.0,1,0.0,0,0.0,0.0,0.0,860.0,1953.0,4.0,10.0,160.0,134.0,71.0,3311.0,400.0,3242.0022150188984,16,0,0,0.0,148.0
20,hutool,cn.hutool.core.lang.ValidatorTest.validateTest,3.0,2.0,0.0,0.0,0.0,0,0.0,0,0.0,0.0,0.0,860.0,1953.0,4.0,10.0,160.0,134.0,71.0,3311.0,400.0,3242.0022150188984,16,0,0,0.0,148.0
20,hutool,cn.hutool.core.lang.ValidatorTest.isEmailTest,12.0,1.0,0.75,5.0,0.0,1,0.0,0,0.0,0.0,0.0,860.0,1953.0,4.0,10.0,160.0,134.0,71.0,3311.0,400.0,3242.0022150188984,16,0,0,0.0,148.0
20,hutool,cn.hutool.core.lang.ValidatorTest.isMobileTest,8.0,1.0,0.625,3.0,0.0,1,0.0,0,0.0,0.0,0.0,860.0,1953.0,4.0,10.0,160.0,134.0,71.0,3311.0,400.0,3242.0022150188984,16,0,0,0.0,148.0
20,hutool,cn.hutool.core.lang.WeightRandomTest.weightRandomTest,8.0,1.0,0.125,0.0,0.0,4,0.0,0,0.0,0.0,0.0,231.0,24.0,3.0,7.0,20.0,27.0,18.0,879.0,164.0,1111.7207232203689,0,0,0,0.0,0.0
20,hutool,cn.hutool.core.map.MapUtilTest.filterTest,19.0,3.0,0.2631578947368421,1.0,0.0,9,0.0,0,1.0,0.0,0.0,843.0,1035.0,45.0,21.0,127.0,153.0,107.0,3545.0,532.0,4348.192109530033,0,0,0,0.0,153.0
20,hutool,cn.hutool.core.map.MapUtilTest.accept,6.0,3.0,0.0,0.0,0.0,1,0.0,0,1.0,0.0,0.0,843.0,1035.0,45.0,21.0,127.0,153.0,107.0,3545.0,532.0,4348.192109530033,0,0,0,0.0,153.0
20,hutool,cn.hutool.core.map.MapUtilTest.filterForEditorTest,19.0,2.0,0.47368421052631576,1.0,0.0,10,0.0,0,0.0,0.0,0.0,843.0,1035.0,45.0,21.0,127.0,153.0,107.0,3545.0,532.0,4348.192109530033,0,0,0,0.0,153.0
20,hutool,cn.hutool.core.map.MapUtilTest.edit,4.0,2.0,0.0,0.0,0.0,2,0.0,0,0.0,0.0,0.0,843.0,1035.0,45.0,21.0,127.0,153.0,107.0,3545.0,532.0,4348.192109530033,0,0,0,0.0,153.0
20,hutool,cn.hutool.core.map.MapUtilTest.reverseTest,12.0,1.0,0.5833333333333334,0.0,0.0,6,0.0,0,0.0,0.0,0.0,843.0,1035.0,45.0,21.0,127.0,153.0,107.0,3545.0,532.0,4348.192109530033,0,0,0,0.0,153.0
20,hutool,cn.hutool.core.map.MapUtilTest.toObjectArrayTest,16.0,1.0,0.9375,0.0,0.0,5,0.0,0,0.0,0.0,0.0,843.0,1035.0,45.0,21.0,127.0,153.0,107.0,3545.0,532.0,4348.192109530033,0,0,0,0.0,153.0
20,hutool,cn.hutool.core.math.ArrangementTest.arrangementTest,10.0,1.0,0.7,4.0,0.0,3,0.0,0,0.0,0.0,0.0,131.0,8.0,0.0,4.0,21.0,21.0,13.0,494.0,134.0,831.1397593031817,0,0,0,0.0,0.0
20,hutool,cn.hutool.core.math.ArrangementTest.selectTest,21.0,1.0,1.380952380952381,3.0,0.0,7,0.0,0,0.0,0.0,0.0,131.0,8.0,0.0,4.0,21.0,21.0,13.0,494.0,134.0,831.1397593031817,0,0,0,0.0,0.0
20,hutool,cn.hutool.core.math.CombinationTest.countTest,10.0,1.0,0.7,4.0,0.0,2,0.0,0,0.0,0.0,0.0,108.0,3.0,0.0,4.0,16.0,16.0,10.0,397.0,126.0,753.975971366586,0,0,0,0.0,0.0
20,hutool,cn.hutool.core.math.CombinationTest.selectTest,19.0,1.0,1.3157894736842106,3.0,0.0,5,0.0,0,0.0,0.0,0.0,108.0,3.0,0.0,4.0,16.0,16.0,10.0,397.0,126.0,753.975971366586,0,0,0,0.0,0.0
20,hutool,cn.hutool.core.swing.ClipboardUtilTest.setAndGetStrTest,9.0,2.0,0.1111111111111111,0.0,0.0,2,0.0,0,0.0,0.0,0.0,170.0,36.0,0.0,10.0,18.0,23.0,14.0,513.0,128.0,798.7553081818585,0,0,0,0.0,0.0
20,hutool,cn.hutool.core.swing.RobotUtilTest.captureScreenTest,3.0,1.0,0.0,0.0,1.0,4,0.0,0,0.0,0.0,0.0,70.0,6.0,0.0,7.0,8.0,11.0,7.0,181.0,57.0,296.31433078215207,0,0,0,0.0,0.0
20,hutool,cn.hutool.core.text.StrBuilderTest.benchTest,19.0,2.0,0.0,0.0,0.0,10,0.0,0,2.0,0.0,0.0,539.0,200.0,9.0,5.0,95.0,82.0,45.0,2068.0,336.0,2565.1373111711155,0,0,0,0.0,0.0
20,hutool,cn.hutool.core.text.StrBuilderTest.appendTest,5.0,1.0,0.2,0.0,0.0,11,1.0,0,0.0,0.0,0.0,539.0,200.0,9.0,5.0,95.0,82.0,45.0,2068.0,336.0,2565.1373111711155,0,0,0,0.0,0.0
20,hutool,cn.hutool.core.text.StrBuilderTest.insertTest,6.0,1.0,0.16666666666666666,0.0,0.0,17,1.0,0,0.0,0.0,0.0,539.0,200.0,9.0,5.0,95.0,82.0,45.0,2068.0,336.0,2565.1373111711155,0,0,0,0.0,0.0
20,hutool,cn.hutool.core.text.StrBuilderTest.insertTest2,6.0,1.0,0.16666666666666666,0.0,0.0,17,1.0,0,0.0,0.0,0.0,539.0,200.0,9.0,5.0,95.0,82.0,45.0,2068.0,336.0,2565.1373111711155,0,0,0,0.0,0.0
20,hutool,cn.hutool.core.text.StrBuilderTest.resetTest,7.0,1.0,0.14285714285714285,0.0,0.0,18,1.0,0,0.0,0.0,0.0,539.0,200.0,9.0,5.0,95.0,82.0,45.0,2068.0,336.0,2565.1373111711155,0,0,0,0.0,0.0
20,hutool,cn.hutool.core.text.StrBuilderTest.resetTest2,8.0,1.0,0.125,0.0,0.0,18,1.0,0,0.0,0.0,0.0,539.0,200.0,9.0,5.0,95.0,82.0,45.0,2068.0,336.0,2565.1373111711155,0,0,0,0.0,0.0
20,hutool,cn.hutool.core.text.StrBuilderTest.appendObjectTest,5.0,1.0,0.2,0.0,0.0,11,1.0,0,0.0,0.0,0.0,539.0,200.0,9.0,5.0,95.0,82.0,45.0,2068.0,336.0,2565.1373111711155,0,0,0,0.0,0.0
20,hutool,cn.hutool.core.text.UnicodeUtilTest.convertTest,6.0,1.0,0.5,0.0,0.0,3,0.0,0,0.0,0.0,0.0,93.0,3.0,0.0,3.0,15.0,20.0,17.0,433.0,102.0,619.215248256254,0,0,0,0.0,0.0
20,hutool,cn.hutool.core.text.UnicodeUtilTest.convertTest2,5.0,1.0,0.2,0.0,0.0,1,0.0,0,0.0,0.0,0.0,93.0,3.0,0.0,3.0,15.0,20.0,17.0,433.0,102.0,619.215248256254,0,0,0,0.0,0.0
20,hutool,cn.hutool.core.text.UnicodeUtilTest.convertTest3,5.0,1.0,0.2,0.0,0.0,1,0.0,0,0.0,0.0,0.0,93.0,3.0,0.0,3.0,15.0,20.0,17.0,433.0,102.0,619.215248256254,0,0,0,0.0,0.0
20,hutool,cn.hutool.core.text.UnicodeUtilTest.convertTest4,5.0,1.0,0.2,0.0,0.0,1,0.0,0,0.0,0.0,0.0,93.0,3.0,0.0,3.0,15.0,20.0,17.0,433.0,102.0,619.215248256254,0,0,0,0.0,0.0
20,hutool,cn.hutool.core.text.csv.CsvParserTest.parseTest1,7.0,1.0,0.14285714285714285,0.0,0.0,2,0.0,0,0.0,0.0,0.0,264.0,0.0,0.0,15.0,29.0,29.0,23.0,1484.0,232.0,1694.1791703047395,0,0,0,0.0,0.0
20,hutool,cn.hutool.core.text.csv.CsvParserTest.parseTest2,7.0,1.0,0.14285714285714285,0.0,0.0,2,0.0,0,0.0,0.0,0.0,264.0,0.0,0.0,15.0,29.0,29.0,23.0,1484.0,232.0,1694.1791703047395,0,0,0,0.0,0.0
20,hutool,cn.hutool.core.text.csv.CsvParserTest.parseTest3,7.0,1.0,0.14285714285714285,0.0,0.0,2,0.0,0,0.0,0.0,0.0,264.0,0.0,0.0,15.0,29.0,29.0,23.0,1484.0,232.0,1694.1791703047395,0,0,0,0.0,0.0
20,hutool,cn.hutool.core.text.csv.CsvParserTest.parseTest4,7.0,1.0,0.14285714285714285,0.0,0.0,2,0.0,0,0.0,0.0,0.0,264.0,0.0,0.0,15.0,29.0,29.0,23.0,1484.0,232.0,1694.1791703047395,0,0,0,0.0,0.0
20,hutool,cn.hutool.core.text.csv.CsvReaderTest.readTest,8.0,2.0,0.0,0.0,0.0,5,0.0,0,1.0,0.0,0.0,170.0,36.0,0.0,13.0,28.0,32.0,19.0,488.0,138.0,854.2635260077344,0,0,0,0.0,0.0
20,hutool,cn.hutool.core.text.csv.CsvUtilTest.readTest,8.0,2.0,0.0,0.0,1.0,2,0.0,0,1.0,0.0,0.0,110.0,36.0,0.0,3.0,18.0,9.0,0.0,332.0,72.0,417.96971776198717,0,0,0,0.0,0.0
20,hutool,cn.hutool.core.text.csv.CsvUtilTest.writeTest,4.0,1.0,0.0,0.0,0.0,7,0.0,0,0.0,0.0,0.0,110.0,36.0,0.0,3.0,18.0,9.0,0.0,332.0,72.0,417.96971776198717,0,0,0,0.0,0.0
20,hutool,cn.hutool.core.util.ArrayUtilTest.isEmptyTest,9.0,1.0,0.7777777777777778,4.0,0.0,10,0.0,0,0.0,0.0,0.0,3422.0,16766.0,0.0,12.0,646.0,456.0,268.0,11029.0,1019.0,9485.140831785964,0,646,0,0.0,0.0
20,hutool,cn.hutool.core.util.ArrayUtilTest.isNotEmptyTest,4.0,1.0,0.25,1.0,0.0,10,0.0,0,0.0,0.0,0.0,3422.0,16766.0,0.0,12.0,646.0,456.0,268.0,11029.0,1019.0,9485.140831785964,0,646,0,0.0,0.0
20,hutool,cn.hutool.core.util.ArrayUtilTest.newArrayTest,4.0,1.0,0.25,1.0,0.0,2,0.0,0,0.0,0.0,0.0,3422.0,16766.0,0.0,12.0,646.0,456.0,268.0,11029.0,1019.0,9485.140831785964,0,646,0,0.0,0.0
20,hutool,cn.hutool.core.util.ArrayUtilTest.cloneTest,8.0,1.0,0.375,2.0,0.0,2,0.0,0,0.0,0.0,0.0,3422.0,16766.0,0.0,12.0,646.0,456.0,268.0,11029.0,1019.0,9485.140831785964,0,646,0,0.0,0.0
20,hutool,cn.hutool.core.util.ArrayUtilTest.filterTest,10.0,2.0,0.1,1.0,0.0,2,0.0,0,0.0,0.0,0.0,3422.0,16766.0,0.0,12.0,646.0,456.0,268.0,11029.0,1019.0,9485.140831785964,0,646,0,0.0,0.0
20,hutool,cn.hutool.core.util.ArrayUtilTest.edit,3.0,2.0,0.0,0.0,0.0,0,0.0,0,0.0,0.0,0.0,3422.0,16766.0,0.0,12.0,646.0,456.0,268.0,11029.0,1019.0,9485.140831785964,0,646,0,0.0,0.0
20,hutool,cn.hutool.core.util.ArrayUtilTest.filterTestForFilter,10.0,2.0,0.1,1.0,0.0,2,0.0,0,0.0,0.0,0.0,3422.0,16766.0,0.0,12.0,646.0,456.0,268.0,11029.0,1019.0,9485.140831785964,0,646,0,0.0,0.0
20,hutool,cn.hutool.core.util.ArrayUtilTest.accept,3.0,2.0,0.0,0.0,0.0,0,0.0,0,0.0,0.0,0.0,3422.0,16766.0,0.0,12.0,646.0,456.0,268.0,11029.0,1019.0,9485.140831785964,0,646,0,0.0,0.0
20,hutool,cn.hutool.core.util.ArrayUtilTest.filterTestForEditor,10.0,2.0,0.1,1.0,0.0,2,0.0,0,0.0,0.0,0.0,3422.0,16766.0,0.0,12.0,646.0,456.0,268.0,11029.0,1019.0,9485.140831785964,0,646,0,0.0,0.0
20,hutool,cn.hutool.core.util.ArrayUtilTest.edit,3.0,2.0,0.0,0.0,0.0,0,0.0,0,0.0,0.0,0.0,3422.0,16766.0,0.0,12.0,646.0,456.0,268.0,11029.0,1019.0,9485.140831785964,0,646,0,0.0,0.0
20,hutool,cn.hutool.core.util.ArrayUtilTest.indexOfTest,8.0,1.0,0.375,2.0,0.0,9,0.0,0,0.0,0.0,0.0,3422.0,16766.0,0.0,12.0,646.0,456.0,268.0,11029.0,1019.0,9485.140831785964,0,646,0,0.0,0.0
20,hutool,cn.hutool.core.util.ArrayUtilTest.lastIndexOfTest,8.0,1.0,0.375,2.0,0.0,9,0.0,0,0.0,0.0,0.0,3422.0,16766.0,0.0,12.0,646.0,456.0,268.0,11029.0,1019.0,9485.140831785964,0,646,0,0.0,0.0
20,hutool,cn.hutool.core.util.ArrayUtilTest.containsTest,8.0,1.0,0.375,2.0,0.0,9,0.0,0,0.0,0.0,0.0,3422.0,16766.0,0.0,12.0,646.0,456.0,268.0,11029.0,1019.0,9485.140831785964,0,646,0,0.0,0.0
20,hutool,cn.hutool.core.util.ArrayUtilTest.mapTest,6.0,1.0,0.16666666666666666,0.0,0.0,3,1.0,0,0.0,0.0,0.0,3422.0,16766.0,0.0,12.0,646.0,456.0,268.0,11029.0,1019.0,9485.140831785964,0,646,0,0.0,0.0
20,hutool,cn.hutool.core.util.ArrayUtilTest.castTest,7.0,1.0,0.7142857142857143,3.0,0.0,1,0.0,0,0.0,0.0,0.0,3422.0,16766.0,0.0,12.0,646.0,456.0,268.0,11029.0,1019.0,9485.140831785964,0,646,0,0.0,0.0
20,hutool,cn.hutool.core.util.ArrayUtilTest.rangeTest,13.0,1.0,1.4615384615384615,10.0,0.0,3,0.0,0,0.0,0.0,0.0,3422.0,16766.0,0.0,12.0,646.0,456.0,268.0,11029.0,1019.0,9485.140831785964,0,646,0,0.0,0.0
20,hutool,cn.hutool.core.util.ArrayUtilTest.maxTest,8.0,1.0,0.625,3.0,0.0,8,0.0,0,0.0,0.0,0.0,3422.0,16766.0,0.0,12.0,646.0,456.0,268.0,11029.0,1019.0,9485.140831785964,0,646,0,0.0,0.0
20,hutool,cn.hutool.core.util.ArrayUtilTest.minTest,8.0,1.0,0.625,3.0,0.0,8,0.0,0,0.0,0.0,0.0,3422.0,16766.0,0.0,12.0,646.0,456.0,268.0,11029.0,1019.0,9485.140831785964,0,646,0,0.0,0.0
20,hutool,cn.hutool.core.util.ArrayUtilTest.appendTest,6.0,1.0,0.16666666666666666,0.0,0.0,2,0.0,0,0.0,0.0,0.0,3422.0,16766.0,0.0,12.0,646.0,456.0,268.0,11029.0,1019.0,9485.140831785964,0,646,0,0.0,0.0
20,hutool,cn.hutool.core.util.ArrayUtilTest.insertTest,14.0,1.0,0.6428571428571429,0.0,0.0,2,0.0,0,0.0,0.0,0.0,3422.0,16766.0,0.0,12.0,646.0,456.0,268.0,11029.0,1019.0,9485.140831785964,0,646,0,0.0,0.0
20,hutool,cn.hutool.core.util.ArrayUtilTest.joinTest,5.0,1.0,0.2,0.0,0.0,11,0.0,0,0.0,0.0,0.0,3422.0,16766.0,0.0,12.0,646.0,456.0,268.0,11029.0,1019.0,9485.140831785964,0,646,0,0.0,0.0
20,hutool,cn.hutool.core.util.CharUtilTest.trimTest,5.0,1.0,0.6,2.0,0.0,2,0.0,0,0.0,0.0,0.0,322.0,136.0,1.0,1.0,41.0,28.0,11.0,1097.0,248.0,1736.082946148257,18,0,0,0.0,0.0
20,hutool,cn.hutool.core.util.CharUtilTest.isEmojiTest,5.0,1.0,0.6,2.0,0.0,1,0.0,0,0.0,0.0,0.0,322.0,136.0,1.0,1.0,41.0,28.0,11.0,1097.0,248.0,1736.082946148257,18,0,0,0.0,0.0
20,hutool,cn.hutool.core.util.ClassUtilTest.a,4.0,1.0,0.0,0.0,0.0,0,0.0,0,0.0,0.0,0.0,1022.0,2080.0,0.0,24.0,187.0,204.0,139.0,3925.0,700.0,5792.585141151556,0,0,0,0.0,255.0
20,hutool,cn.hutool.core.util.ClassUtilTest.getClassNameTest,6.0,1.0,0.5,0.0,0.0,2,0.0,0,0.0,0.0,0.0,1022.0,2080.0,0.0,24.0,187.0,204.0,139.0,3925.0,700.0,5792.585141151556,0,0,0,0.0,255.0
20,hutool,cn.hutool.core.util.ClassUtilTest.getPublicMethod,10.0,1.0,0.7,4.0,0.0,1,0.0,0,0.0,0.0,0.0,1022.0,2080.0,0.0,24.0,187.0,204.0,139.0,3925.0,700.0,5792.585141151556,0,0,0,0.0,255.0
20,hutool,cn.hutool.core.util.ClassUtilTest.getDeclaredMethod,12.0,2.0,0.75,5.0,0.0,1,0.0,0,0.0,0.0,0.0,1022.0,2080.0,0.0,24.0,187.0,204.0,139.0,3925.0,700.0,5792.585141151556,0,0,0,0.0,255.0
20,hutool,cn.hutool.core.util.ClassUtilTest.getDeclaredField,8.0,1.0,0.625,3.0,0.0,1,0.0,0,0.0,0.0,0.0,1022.0,2080.0,0.0,24.0,187.0,204.0,139.0,3925.0,700.0,5792.585141151556,0,0,0,0.0,255.0
20,hutool,cn.hutool.core.util.ClassUtilTest.getClassPathTest,4.0,1.0,0.25,1.0,0.0,2,0.0,0,0.0,0.0,0.0,1022.0,2080.0,0.0,24.0,187.0,204.0,139.0,3925.0,700.0,5792.585141151556,0,0,0,0.0,255.0
20,hutool,cn.hutool.core.util.ClassUtilTest.getShortClassNameTest,5.0,1.0,0.2,0.0,0.0,1,0.0,0,0.0,0.0,0.0,1022.0,2080.0,0.0,24.0,187.0,204.0,139.0,3925.0,700.0,5792.585141151556,0,0,0,0.0,255.0
20,hutool,cn.hutool.core.util.EnumUtilTest.getNamesTest,4.0,1.0,0.25,0.0,0.0,1,0.0,0,0.0,0.0,0.0,114.0,15.0,0.0,5.0,19.0,22.0,16.0,436.0,108.0,656.3853622816957,0,0,0,0.0,0.0
20,hutool,cn.hutool.core.util.EnumUtilTest.getFieldValuesTest,4.0,1.0,0.25,0.0,0.0,1,0.0,0,0.0,0.0,0.0,114.0,15.0,0.0,5.0,19.0,22.0,16.0,436.0,108.0,656.3853622816957,0,0,0,0.0,0.0
20,hutool,cn.hutool.core.util.EnumUtilTest.getEnumMapTest,4.0,1.0,0.25,0.0,0.0,1,0.0,0,0.0,0.0,0.0,114.0,15.0,0.0,5.0,19.0,22.0,16.0,436.0,108.0,656.3853622816957,0,0,0,0.0,0.0
20,hutool,cn.hutool.core.util.EnumUtilTest.getNameFieldMapTest,4.0,1.0,0.25,0.0,0.0,1,0.0,0,0.0,0.0,0.0,114.0,15.0,0.0,5.0,19.0,22.0,16.0,436.0,108.0,656.3853622816957,0,0,0,0.0,0.0
20,hutool,cn.hutool.core.util.EnumUtilTest.TestEnum,3.0,1.0,0.0,0.0,0.0,0,0.0,0,0.0,0.0,0.0,114.0,15.0,0.0,5.0,19.0,22.0,16.0,436.0,108.0,656.3853622816957,0,0,0,0.0,0.0
20,hutool,cn.hutool.core.util.EnumUtilTest.getType,3.0,2.0,0.0,0.0,0.0,0,0.0,0,0.0,0.0,0.0,114.0,15.0,0.0,5.0,19.0,22.0,16.0,436.0,108.0,656.3853622816957,0,0,0,0.0,0.0
20,hutool,cn.hutool.core.util.EscapeUtilTest.escapeHtml4Test,6.0,1.0,0.5,0.0,0.0,2,0.0,0,0.0,0.0,0.0,129.0,10.0,0.0,2.0,17.0,27.0,22.0,641.0,133.0,859.5829177704491,0,0,0,0.0,0.0
20,hutool,cn.hutool.core.util.HexUtilTest.hexStrTest,6.0,1.0,0.16666666666666666,1.0,0.0,8,0.0,0,0.0,0.0,0.0,338.0,204.0,19.0,2.0,52.0,58.0,37.0,1161.0,249.0,1757.202208442775,0,0,0,0.0,0.0
20,hutool,cn.hutool.core.util.HexUtilTest.toUnicodeHexTest,6.0,1.0,0.5,0.0,0.0,2,0.0,0,0.0,0.0,0.0,338.0,204.0,19.0,2.0,52.0,58.0,37.0,1161.0,249.0,1757.202208442775,0,0,0,0.0,0.0
20,hutool,cn.hutool.core.util.IdcardUtilTest.isValidCardTest,6.0,1.0,0.5,2.0,0.0,1,0.0,0,0.0,0.0,0.0,583.0,152.0,3.0,8.0,74.0,108.0,87.0,1382.0,492.0,3557.7932061291867,0,0,0,0.0,0.0
20,hutool,cn.hutool.core.util.IdcardUtilTest.convert15To18Test,6.0,1.0,0.5,0.0,0.0,1,0.0,0,0.0,0.0,0.0,583.0,152.0,3.0,8.0,74.0,108.0,87.0,1382.0,492.0,3557.7932061291867,0,0,0,0.0,0.0
20,hutool,cn.hutool.core.util.IdcardUtilTest.getAgeByIdCardTest,7.0,1.0,0.42857142857142855,2.0,0.0,2,0.0,0,0.0,0.0,0.0,583.0,152.0,3.0,8.0,74.0,108.0,87.0,1382.0,492.0,3557.7932061291867,0,0,0,0.0,0.0
20,hutool,cn.hutool.core.util.IdcardUtilTest.getBirthByIdCardTest,6.0,1.0,0.5,0.0,0.0,1,0.0,0,0.0,0.0,0.0,583.0,152.0,3.0,8.0,74.0,108.0,87.0,1382.0,492.0,3557.7932061291867,0,0,0,0.0,0.0
20,hutool,cn.hutool.core.util.IdcardUtilTest.getProvinceByIdCardTest,6.0,1.0,0.5,0.0,0.0,1,0.0,0,0.0,0.0,0.0,583.0,152.0,3.0,8.0,74.0,108.0,87.0,1382.0,492.0,3557.7932061291867,0,0,0,0.0,0.0
20,hutool,cn.hutool.core.util.IdUtilTest.randomUUIDTest,6.0,1.0,0.5,2.0,0.0,2,0.0,0,0.0,0.0,0.0,85.0,6.0,0.0,3.0,8.0,9.0,5.0,185.0,79.0,412.4081101811876,0,0,0,0.0,0.0
20,hutool,cn.hutool.core.util.IdUtilTest.benchTest,15.0,2.0,0.0,0.0,0.0,2,0.0,0,2.0,0.0,0.0,85.0,6.0,0.0,3.0,8.0,9.0,5.0,185.0,79.0,412.4081101811876,0,0,0,0.0,0.0
20,hutool,cn.hutool.core.util.IdUtilTest.objectIdTest,4.0,1.0,0.25,1.0,0.0,1,0.0,0,0.0,0.0,0.0,85.0,6.0,0.0,3.0,8.0,9.0,5.0,185.0,79.0,412.4081101811876,0,0,0,0.0,0.0
20,hutool,cn.hutool.core.util.IdUtilTest.createSnowflakeTest,5.0,1.0,0.2,1.0,0.0,1,0.0,0,0.0,0.0,0.0,85.0,6.0,0.0,3.0,8.0,9.0,5.0,185.0,79.0,412.4081101811876,0,0,0,0.0,0.0
20,hutool,cn.hutool.core.util.ImageUtilTest.scaleTest,3.0,1.0,0.0,0.0,2.0,13,0.0,0,0.0,0.0,0.0,1619.0,4739.0,19.0,33.0,222.0,348.0,250.0,6702.0,732.0,6449.0380483935905,0,222,0,0.0,786.0
20,hutool,cn.hutool.core.util.ImageUtilTest.scaleByWidthAndHeightTest,3.0,1.0,0.0,0.0,2.0,13,0.0,0,0.0,0.0,0.0,1619.0,4739.0,19.0,33.0,222.0,348.0,250.0,6702.0,732.0,6449.0380483935905,0,222,0,0.0,786.0
20,hutool,cn.hutool.core.util.ImageUtilTest.cutTest,3.0,1.0,0.0,0.0,2.0,7,0.0,0,0.0,0.0,0.0,1619.0,4739.0,19.0,33.0,222.0,348.0,250.0,6702.0,732.0,6449.0380483935905,0,222,0,0.0,786.0
20,hutool,cn.hutool.core.util.ImageUtilTest.rotateTest,4.0,2.0,0.0,0.0,2.0,12,0.0,0,0.0,0.0,0.0,1619.0,4739.0,19.0,33.0,222.0,348.0,250.0,6702.0,732.0,6449.0380483935905,0,222,0,0.0,786.0
20,hutool,cn.hutool.core.util.ImageUtilTest.flipTest,3.0,2.0,0.0,0.0,2.0,5,0.0,0,0.0,0.0,0.0,1619.0,4739.0,19.0,33.0,222.0,348.0,250.0,6702.0,732.0,6449.0380483935905,0,222,0,0.0,786.0
20,hutool,cn.hutool.core.util.ImageUtilTest.pressImgTest,3.0,1.0,0.0,0.0,3.0,12,0.0,0,0.0,0.0,0.0,1619.0,4739.0,19.0,33.0,222.0,348.0,250.0,6702.0,732.0,6449.0380483935905,0,222,0,0.0,786.0
20,hutool,cn.hutool.core.util.ImageUtilTest.pressTextTest,3.0,1.0,0.0,0.0,2.0,7,0.0,0,0.0,0.0,0.0,1619.0,4739.0,19.0,33.0,222.0,348.0,250.0,6702.0,732.0,6449.0380483935905,0,222,0,0.0,786.0
20,hutool,cn.hutool.core.util.ImageUtilTest.sliceByRowsAndColsTest,3.0,1.0,0.0,0.0,2.0,2,0.0,0,0.0,0.0,0.0,1619.0,4739.0,19.0,33.0,222.0,348.0,250.0,6702.0,732.0,6449.0380483935905,0,222,0,0.0,786.0
20,hutool,cn.hutool.core.util.ImageUtilTest.convertTest,3.0,1.0,0.0,0.0,2.0,5,0.0,0,0.0,0.0,0.0,1619.0,4739.0,19.0,33.0,222.0,348.0,250.0,6702.0,732.0,6449.0380483935905,0,222,0,0.0,786.0
20,hutool,cn.hutool.core.util.NetUtilTest.getLocalhostTest,4.0,1.0,0.25,1.0,0.0,1,0.0,0,0.0,0.0,0.0,466.0,225.0,0.0,21.0,72.0,86.0,64.0,1977.0,405.0,3073.6810083841,0,0,0,0.0,0.0
20,hutool,cn.hutool.core.util.NetUtilTest.getLocalMacAddressTest,6.0,1.0,0.5,2.0,0.0,1,0.0,0,0.0,0.0,0.0,466.0,225.0,0.0,21.0,72.0,86.0,64.0,1977.0,405.0,3073.6810083841,0,0,0,0.0,0.0
20,hutool,cn.hutool.core.util.NetUtilTest.longToIpTest,4.0,1.0,0.25,0.0,0.0,1,0.0,0,0.0,0.0,0.0,466.0,225.0,0.0,21.0,72.0,86.0,64.0,1977.0,405.0,3073.6810083841,0,0,0,0.0,0.0
20,hutool,cn.hutool.core.util.NetUtilTest.ipToLongTest,4.0,1.0,0.25,1.0,0.0,1,0.0,0,0.0,0.0,0.0,466.0,225.0,0.0,21.0,72.0,86.0,64.0,1977.0,405.0,3073.6810083841,0,0,0,0.0,0.0
20,hutool,cn.hutool.core.util.NumberUtilTest.addTest,6.0,1.0,0.16666666666666666,1.0,0.0,9,0.0,0,0.0,0.0,0.0,2178.0,8736.0,0.0,11.0,344.0,348.0,215.0,8533.0,877.0,7938.337636276586,0,344,0,0.0,0.0
20,hutool,cn.hutool.core.util.NumberUtilTest.addTest2,6.0,1.0,0.16666666666666666,1.0,0.0,9,0.0,0,0.0,0.0,0.0,2178.0,8736.0,0.0,11.0,344.0,348.0,215.0,8533.0,877.0,7938.337636276586,0,344,0,0.0,0.0
20,hutool,cn.hutool.core.util.NumberUtilTest.addTest3,6.0,1.0,0.16666666666666666,1.0,0.0,9,0.0,0,0.0,0.0,0.0,2178.0,8736.0,0.0,11.0,344.0,348.0,215.0,8533.0,877.0,7938.337636276586,0,344,0,0.0,0.0
20,hutool,cn.hutool.core.util.NumberUtilTest.isIntegerTest,5.0,1.0,1.0,0.0,0.0,1,0.0,0,0.0,0.0,0.0,2178.0,8736.0,0.0,11.0,344.0,348.0,215.0,8533.0,877.0,7938.337636276586,0,344,0,0.0,0.0
20,hutool,cn.hutool.core.util.NumberUtilTest.isNumberTest,3.0,1.0,0.3333333333333333,0.0,0.0,1,0.0,0,0.0,0.0,0.0,2178.0,8736.0,0.0,11.0,344.0,348.0,215.0,8533.0,877.0,7938.337636276586,0,344,0,0.0,0.0
20,hutool,cn.hutool.core.util.NumberUtilTest.divTest,4.0,1.0,0.25,1.0,0.0,22,0.0,0,0.0,0.0,0.0,2178.0,8736.0,0.0,11.0,344.0,348.0,215.0,8533.0,877.0,7938.337636276586,0,344,0,0.0,0.0
20,hutool,cn.hutool.core.util.NumberUtilTest.roundTest,22.0,1.0,0.8636363636363636,0.0,0.0,4,0.0,0,0.0,0.0,0.0,2178.0,8736.0,0.0,11.0,344.0,348.0,215.0,8533.0,877.0,7938.337636276586,0,344,0,0.0,0.0
20,hutool,cn.hutool.core.util.NumberUtilTest.roundStrTest,4.0,1.0,0.25,0.0,0.0,4,0.0,0,0.0,0.0,0.0,2178.0,8736.0,0.0,11.0,344.0,348.0,215.0,8533.0,877.0,7938.337636276586,0,344,0,0.0,0.0
20,hutool,cn.hutool.core.util.NumberUtilTest.roundHalfEvenTest,30.0,1.0,0.9,0.0,0.0,2,0.0,0,0.0,0.0,0.0,2178.0,8736.0,0.0,11.0,344.0,348.0,215.0,8533.0,877.0,7938.337636276586,0,344,0,0.0,0.0
20,hutool,cn.hutool.core.util.NumberUtilTest.decimalFormatTest,5.0,2.0,0.2,0.0,0.0,2,0.0,0,2.0,0.0,0.0,2178.0,8736.0,0.0,11.0,344.0,348.0,215.0,8533.0,877.0,7938.337636276586,0,344,0,0.0,0.0
20,hutool,cn.hutool.core.util.NumberUtilTest.equalsTest,3.0,1.0,0.3333333333333333,0.0,0.0,2,0.0,0,0.0,0.0,0.0,2178.0,8736.0,0.0,11.0,344.0,348.0,215.0,8533.0,877.0,7938.337636276586,0,344,0,0.0,0.0
20,hutool,cn.hutool.core.util.NumberUtilTest.formatPercentTest,4.0,2.0,0.25,0.0,0.0,1,0.0,0,2.0,0.0,0.0,2178.0,8736.0,0.0,11.0,344.0,348.0,215.0,8533.0,877.0,7938.337636276586,0,344,0,0.0,0.0
20,hutool,cn.hutool.core.util.NumberUtilTest.toBigDecimalTest,5.0,1.0,0.2,0.0,0.0,2,1.0,0,0.0,0.0,0.0,2178.0,8736.0,0.0,11.0,344.0,348.0,215.0,8533.0,877.0,7938.337636276586,0,344,0,0.0,0.0
20,hutool,cn.hutool.core.util.NumberUtilTest.maxTest,4.0,1.0,0.25,1.0,0.0,6,0.0,0,0.0,0.0,0.0,2178.0,8736.0,0.0,11.0,344.0,348.0,215.0,8533.0,877.0,7938.337636276586,0,344,0,0.0,0.0
20,hutool,cn.hutool.core.util.NumberUtilTest.minTest,4.0,1.0,0.25,1.0,0.0,6,0.0,0,0.0,0.0,0.0,2178.0,8736.0,0.0,11.0,344.0,348.0,215.0,8533.0,877.0,7938.337636276586,0,344,0,0.0,0.0
20,hutool,cn.hutool.core.util.NumberUtilTest.parseIntTest,10.0,1.0,0.7,4.0,0.0,1,0.0,0,0.0,0.0,0.0,2178.0,8736.0,0.0,11.0,344.0,348.0,215.0,8533.0,877.0,7938.337636276586,0,344,0,0.0,0.0
20,hutool,cn.hutool.core.util.NumberUtilTest.parseLongTest,10.0,1.0,0.7,4.0,0.0,1,0.0,0,0.0,0.0,0.0,2178.0,8736.0,0.0,11.0,344.0,348.0,215.0,8533.0,877.0,7938.337636276586,0,344,0,0.0,0.0
20,hutool,cn.hutool.core.util.ObjectUtilTest.cloneTest,5.0,1.0,0.2,0.0,0.0,1,0.0,0,0.0,0.0,0.0,445.0,171.0,0.0,13.0,62.0,69.0,50.0,2008.0,332.0,2524.8249676294577,0,0,0,0.0,0.0
20,hutool,cn.hutool.core.util.PageUtilTest.transToStartEndTest,8.0,1.0,0.875,4.0,0.0,1,0.0,0,0.0,0.0,0.0,110.0,6.0,0.0,0.0,13.0,5.0,1.0,546.0,127.0,800.432609919603,0,0,0,0.0,0.0
20,hutool,cn.hutool.core.util.PageUtilTest.totalPage,4.0,1.0,0.25,1.0,0.0,1,0.0,0,0.0,0.0,0.0,110.0,6.0,0.0,0.0,13.0,5.0,1.0,546.0,127.0,800.432609919603,0,0,0,0.0,0.0
20,hutool,cn.hutool.core.util.PageUtilTest.rainbowTest,4.0,1.0,0.25,1.0,0.0,2,0.0,0,0.0,0.0,0.0,110.0,6.0,0.0,0.0,13.0,5.0,1.0,546.0,127.0,800.432609919603,0,0,0,0.0,0.0
20,hutool,cn.hutool.core.util.PinyinUtilTest.getFirstLetterTest,6.0,1.0,0.5,2.0,0.0,1,0.0,0,0.0,0.0,0.0,202.0,6.0,3.0,2.0,20.0,20.0,16.0,990.0,192.0,1324.359349080698,0,0,0,0.0,0.0
20,hutool,cn.hutool.core.util.PinyinUtilTest.getAllFirstLetterTest,6.0,1.0,0.5,0.0,0.0,1,0.0,0,0.0,0.0,0.0,202.0,6.0,3.0,2.0,20.0,20.0,16.0,990.0,192.0,1324.359349080698,0,0,0,0.0,0.0
20,hutool,cn.hutool.core.util.PinyinUtilTest.getAllFirstLetterTest2,4.0,1.0,0.25,0.0,0.0,1,0.0,0,0.0,0.0,0.0,202.0,6.0,3.0,2.0,20.0,20.0,16.0,990.0,192.0,1324.359349080698,0,0,0,0.0,0.0
20,hutool,cn.hutool.core.util.PinyinUtilTest.getPinyinTest,9.0,1.0,0.5555555555555556,0.0,0.0,1,0.0,0,0.0,0.0,0.0,202.0,6.0,3.0,2.0,20.0,20.0,16.0,990.0,192.0,1324.359349080698,0,0,0,0.0,0.0
20,hutool,cn.hutool.core.util.RandomUtilTest.randomEleSetTest,4.0,1.0,0.25,1.0,0.0,1,0.0,0,0.0,0.0,0.0,481.0,658.0,18.0,18.0,82.0,116.0,79.0,1461.0,268.0,1952.8828783491874,0,0,0,0.0,0.0
20,hutool,cn.hutool.core.util.RandomUtilTest.randomElesTest,4.0,1.0,0.25,1.0,0.0,1,0.0,0,0.0,0.0,0.0,481.0,658.0,18.0,18.0,82.0,116.0,79.0,1461.0,268.0,1952.8828783491874,0,0,0,0.0,0.0
20,hutool,cn.hutool.core.util.RandomUtilTest.randomDoubleTest,4.0,1.0,0.25,1.0,0.0,6,0.0,0,0.0,0.0,0.0,481.0,658.0,18.0,18.0,82.0,116.0,79.0,1461.0,268.0,1952.8828783491874,0,0,0,0.0,0.0
20,hutool,cn.hutool.core.util.ReflectUtilTest.getMethodsTest,4.0,1.0,0.25,1.0,0.0,2,0.0,0,0.0,0.0,0.0,620.0,378.0,13.0,17.0,122.0,133.0,105.0,2855.0,399.0,3174.7740217139544,0,0,0,0.0,0.0
20,hutool,cn.hutool.core.util.ReflectUtilTest.getMethodTest,4.0,1.0,0.25,0.0,0.0,2,0.0,0,0.0,0.0,0.0,620.0,378.0,13.0,17.0,122.0,133.0,105.0,2855.0,399.0,3174.7740217139544,0,0,0,0.0,0.0
20,hutool,cn.hutool.core.util.ReflectUtilTest.getFieldTest,4.0,1.0,0.25,1.0,0.0,1,0.0,0,0.0,0.0,0.0,620.0,378.0,13.0,17.0,122.0,133.0,105.0,2855.0,399.0,3174.7740217139544,0,0,0,0.0,0.0
20,hutool,cn.hutool.core.util.ReflectUtilTest.invokeTest,5.0,1.0,0.2,1.0,0.0,2,0.0,0,0.0,0.0,0.0,620.0,378.0,13.0,17.0,122.0,133.0,105.0,2855.0,399.0,3174.7740217139544,0,0,0,0.0,0.0
20,hutool,cn.hutool.core.util.ReUtilTest.getTest,4.0,1.0,0.25,0.0,0.0,2,0.0,0,0.0,0.0,0.0,677.0,664.0,18.0,14.0,107.0,141.0,104.0,2723.0,306.0,2420.3037847581704,0,0,0,0.0,0.0
20,hutool,cn.hutool.core.util.ReUtilTest.extractMultiTest,4.0,1.0,0.25,0.0,0.0,2,0.0,0,0.0,0.0,0.0,677.0,664.0,18.0,14.0,107.0,141.0,104.0,2723.0,306.0,2420.3037847581704,0,0,0,0.0,0.0
20,hutool,cn.hutool.core.util.ReUtilTest.extractMultiTest2,4.0,1.0,0.25,0.0,0.0,2,0.0,0,0.0,0.0,0.0,677.0,664.0,18.0,14.0,107.0,141.0,104.0,2723.0,306.0,2420.3037847581704,0,0,0,0.0,0.0
20,hutool,cn.hutool.core.util.ReUtilTest.delFirstTest,4.0,1.0,0.25,0.0,0.0,2,0.0,0,0.0,0.0,0.0,677.0,664.0,18.0,14.0,107.0,141.0,104.0,2723.0,306.0,2420.3037847581704,0,0,0,0.0,0.0
20,hutool,cn.hutool.core.util.ReUtilTest.delAllTest,5.0,1.0,0.2,0.0,0.0,2,0.0,0,0.0,0.0,0.0,677.0,664.0,18.0,14.0,107.0,141.0,104.0,2723.0,306.0,2420.3037847581704,0,0,0,0.0,0.0
20,hutool,cn.hutool.core.util.ReUtilTest.findAllTest,5.0,1.0,0.2,1.0,0.0,4,0.0,0,0.0,0.0,0.0,677.0,664.0,18.0,14.0,107.0,141.0,104.0,2723.0,306.0,2420.3037847581704,0,0,0,0.0,0.0
20,hutool,cn.hutool.core.util.ReUtilTest.getFirstNumberTest,4.0,1.0,0.25,1.0,0.0,1,0.0,0,0.0,0.0,0.0,677.0,664.0,18.0,14.0,107.0,141.0,104.0,2723.0,306.0,2420.3037847581704,0,0,0,0.0,0.0
20,hutool,cn.hutool.core.util.ReUtilTest.isMatchTest,4.0,1.0,0.25,1.0,0.0,2,0.0,0,0.0,0.0,0.0,677.0,664.0,18.0,14.0,107.0,141.0,104.0,2723.0,306.0,2420.3037847581704,0,0,0,0.0,0.0
20,hutool,cn.hutool.core.util.ReUtilTest.replaceAllTest,4.0,1.0,0.25,0.0,0.0,2,0.0,0,0.0,0.0,0.0,677.0,664.0,18.0,14.0,107.0,141.0,104.0,2723.0,306.0,2420.3037847581704,0,0,0,0.0,0.0
20,hutool,cn.hutool.core.util.ReUtilTest.replaceTest,15.0,1.0,0.7333333333333333,0.0,0.0,0,0.0,0,0.0,0.0,0.0,677.0,664.0,18.0,14.0,107.0,141.0,104.0,2723.0,306.0,2420.3037847581704,0,0,0,0.0,0.0
20,hutool,cn.hutool.core.util.ReUtilTest.escapeTest,4.0,1.0,0.25,0.0,0.0,2,0.0,0,0.0,0.0,0.0,677.0,664.0,18.0,14.0,107.0,141.0,104.0,2723.0,306.0,2420.3037847581704,0,0,0,0.0,0.0
20,hutool,cn.hutool.core.util.ReUtilTest.getAllGroupsTest,12.0,1.0,1.0833333333333333,0.0,0.0,4,0.0,0,0.0,0.0,0.0,677.0,664.0,18.0,14.0,107.0,141.0,104.0,2723.0,306.0,2420.3037847581704,0,0,0,0.0,0.0
20,hutool,cn.hutool.core.util.RuntimeUtilTest.execTest,4.0,1.0,0.0,0.0,0.0,2,0.0,0,0.0,0.0,0.0,222.0,78.0,0.0,8.0,35.0,47.0,34.0,815.0,132.0,884.8208309477939,0,0,0,0.0,0.0
20,hutool,cn.hutool.core.util.RuntimeUtilTest.execCmdTest,4.0,1.0,0.0,0.0,0.0,2,0.0,0,0.0,0.0,0.0,222.0,78.0,0.0,8.0,35.0,47.0,34.0,815.0,132.0,884.8208309477939,0,0,0,0.0,0.0
20,hutool,cn.hutool.core.util.StrUtilTest.isBlankTest,4.0,1.0,0.25,1.0,0.0,1,0.0,0,0.0,0.0,0.0,3660.0,18124.0,4.0,19.0,563.0,667.0,475.0,16049.0,1813.0,17556.007502055258,40,563,0,0.0,2520.0
20,hutool,cn.hutool.core.util.StrUtilTest.isBlankTest2,4.0,1.0,0.25,1.0,0.0,1,0.0,0,0.0,0.0,0.0,3660.0,18124.0,4.0,19.0,563.0,667.0,475.0,16049.0,1813.0,17556.007502055258,40,563,0,0.0,2520.0
20,hutool,cn.hutool.core.util.StrUtilTest.trimTest,5.0,1.0,0.2,0.0,0.0,3,0.0,0,0.0,0.0,0.0,3660.0,18124.0,4.0,19.0,563.0,667.0,475.0,16049.0,1813.0,17556.007502055258,40,563,0,0.0,2520.0
20,hutool,cn.hutool.core.util.StrUtilTest.cleanBlankTest,5.0,1.0,0.2,0.0,0.0,1,0.0,0,0.0,0.0,0.0,3660.0,18124.0,4.0,19.0,563.0,667.0,475.0,16049.0,1813.0,17556.007502055258,40,563,0,0.0,2520.0
20,hutool,cn.hutool.core.util.StrUtilTest.cutTest,5.0,1.0,0.2,0.0,0.0,1,0.0,0,0.0,0.0,0.0,3660.0,18124.0,4.0,19.0,563.0,667.0,475.0,16049.0,1813.0,17556.007502055258,40,563,0,0.0,2520.0
20,hutool,cn.hutool.core.util.StrUtilTest.splitTest,6.0,1.0,0.5,1.0,0.0,7,0.0,0,0.0,0.0,0.0,3660.0,18124.0,4.0,19.0,563.0,667.0,475.0,16049.0,1813.0,17556.007502055258,40,563,0,0.0,2520.0
20,hutool,cn.hutool.core.util.StrUtilTest.splitToLongTest,7.0,1.0,0.42857142857142855,2.0,0.0,2,0.0,0,0.0,0.0,0.0,3660.0,18124.0,4.0,19.0,563.0,667.0,475.0,16049.0,1813.0,17556.007502055258,40,563,0,0.0,2520.0
20,hutool,cn.hutool.core.util.StrUtilTest.splitToIntTest,7.0,1.0,0.42857142857142855,2.0,0.0,2,0.0,0,0.0,0.0,0.0,3660.0,18124.0,4.0,19.0,563.0,667.0,475.0,16049.0,1813.0,17556.007502055258,40,563,0,0.0,2520.0
20,hutool,cn.hutool.core.util.StrUtilTest.formatTest,7.0,2.0,0.42857142857142855,0.0,0.0,2,0.0,0,3.0,0.0,0.0,3660.0,18124.0,4.0,19.0,563.0,667.0,475.0,16049.0,1813.0,17556.007502055258,40,563,0,0.0,2520.0
20,hutool,cn.hutool.core.util.StrUtilTest.stripTest,14.0,1.0,0.5,0.0,0.0,2,0.0,0,0.0,0.0,0.0,3660.0,18124.0,4.0,19.0,563.0,667.0,475.0,16049.0,1813.0,17556.007502055258,40,563,0,0.0,2520.0
20,hutool,cn.hutool.core.util.StrUtilTest.stripIgnoreCaseTest,17.0,1.0,0.5294117647058824,0.0,0.0,2,0.0,0,0.0,0.0,0.0,3660.0,18124.0,4.0,19.0,563.0,667.0,475.0,16049.0,1813.0,17556.007502055258,40,563,0,0.0,2520.0
20,hutool,cn.hutool.core.util.StrUtilTest.indexOfIgnoreCaseTest,13.0,1.0,1.6153846153846154,0.0,0.0,2,0.0,0,0.0,0.0,0.0,3660.0,18124.0,4.0,19.0,563.0,667.0,475.0,16049.0,1813.0,17556.007502055258,40,563,0,0.0,2520.0
20,hutool,cn.hutool.core.util.StrUtilTest.lastIndexOfIgnoreCaseTest,13.0,1.0,1.6153846153846154,0.0,0.0,2,0.0,0,0.0,0.0,0.0,3660.0,18124.0,4.0,19.0,563.0,667.0,475.0,16049.0,1813.0,17556.007502055258,40,563,0,0.0,2520.0
20,hutool,cn.hutool.core.util.StrUtilTest.replaceTest,6.0,1.0,0.5,0.0,0.0,4,0.0,0,0.0,0.0,0.0,3660.0,18124.0,4.0,19.0,563.0,667.0,475.0,16049.0,1813.0,17556.007502055258,40,563,0,0.0,2520.0
20,hutool,cn.hutool.core.util.StrUtilTest.replaceTest2,4.0,1.0,0.25,0.0,0.0,4,0.0,0,0.0,0.0,0.0,3660.0,18124.0,4.0,19.0,563.0,667.0,475.0,16049.0,1813.0,17556.007502055258,40,563,0,0.0,2520.0
20,hutool,cn.hutool.core.util.StrUtilTest.replaceTest3,4.0,1.0,0.25,0.0,0.0,4,0.0,0,0.0,0.0,0.0,3660.0,18124.0,4.0,19.0,563.0,667.0,475.0,16049.0,1813.0,17556.007502055258,40,563,0,0.0,2520.0
20,hutool,cn.hutool.core.util.StrUtilTest.upperFirstTest,5.0,1.0,0.2,1.0,0.0,2,1.0,0,0.0,0.0,0.0,3660.0,18124.0,4.0,19.0,563.0,667.0,475.0,16049.0,1813.0,17556.007502055258,40,563,0,0.0,2520.0
20,hutool,cn.hutool.core.util.StrUtilTest.lowerFirstTest,5.0,1.0,0.2,0.0,0.0,1,0.0,0,0.0,0.0,0.0,3660.0,18124.0,4.0,19.0,563.0,667.0,475.0,16049.0,1813.0,17556.007502055258,40,563,0,0.0,2520.0
20,hutool,cn.hutool.core.util.StrUtilTest.subTest,5.0,1.0,0.2,0.0,0.0,1,0.0,0,0.0,0.0,0.0,3660.0,18124.0,4.0,19.0,563.0,667.0,475.0,16049.0,1813.0,17556.007502055258,40,563,0,0.0,2520.0
20,hutool,cn.hutool.core.util.StrUtilTest.subSufByLengthTest,7.0,1.0,1.2857142857142858,0.0,0.0,1,0.0,0,0.0,0.0,0.0,3660.0,18124.0,4.0,19.0,563.0,667.0,475.0,16049.0,1813.0,17556.007502055258,40,563,0,0.0,2520.0
20,hutool,cn.hutool.core.util.StrUtilTest.repeatAndJoinTest,8.0,1.0,0.625,0.0,0.0,1,0.0,0,0.0,0.0,0.0,3660.0,18124.0,4.0,19.0,563.0,667.0,475.0,16049.0,1813.0,17556.007502055258,40,563,0,0.0,2520.0
20,hutool,cn.hutool.core.util.StrUtilTest.moveTest,19.0,1.0,0.7894736842105263,0.0,0.0,1,0.0,0,0.0,0.0,0.0,3660.0,18124.0,4.0,19.0,563.0,667.0,475.0,16049.0,1813.0,17556.007502055258,40,563,0,0.0,2520.0
20,hutool,cn.hutool.core.util.StrUtilTest.removePrefixIgnorecaseTest,9.0,2.0,0.5555555555555556,0.0,0.0,1,0.0,0,0.0,0.0,0.0,3660.0,18124.0,4.0,19.0,563.0,667.0,475.0,16049.0,1813.0,17556.007502055258,40,563,0,0.0,2520.0
20,hutool,cn.hutool.core.util.StrUtilTest.maxLengthTest,9.0,1.0,0.5555555555555556,2.0,0.0,1,0.0,0,0.0,0.0,0.0,3660.0,18124.0,4.0,19.0,563.0,667.0,475.0,16049.0,1813.0,17556.007502055258,40,563,0,0.0,2520.0
20,hutool,cn.hutool.core.util.StrUtilTest.toCamelCaseTest,8.0,1.0,0.375,0.0,0.0,1,0.0,0,0.0,0.0,0.0,3660.0,18124.0,4.0,19.0,563.0,667.0,475.0,16049.0,1813.0,17556.007502055258,40,563,0,0.0,2520.0
20,hutool,cn.hutool.core.util.StrUtilTest.toUnderLineCaseTest,17.0,1.0,0.5294117647058824,0.0,0.0,1,0.0,0,0.0,0.0,0.0,3660.0,18124.0,4.0,19.0,563.0,667.0,475.0,16049.0,1813.0,17556.007502055258,40,563,0,0.0,2520.0
20,hutool,cn.hutool.core.util.StrUtilTest.containsAnyTest,14.0,1.0,0.7857142857142857,6.0,0.0,2,0.0,0,0.0,0.0,0.0,3660.0,18124.0,4.0,19.0,563.0,667.0,475.0,16049.0,1813.0,17556.007502055258,40,563,0,0.0,2520.0
20,hutool,cn.hutool.core.util.TypeUtilTest.getEleTypeTest,7.0,1.0,0.42857142857142855,1.0,0.0,5,1.0,0,0.0,0.0,0.0,243.0,120.0,0.0,4.0,43.0,34.0,18.0,854.0,164.0,1106.9887157813255,0,0,0,0.0,0.0
20,hutool,cn.hutool.core.util.TypeUtilTest.getParamTypeTest,7.0,2.0,0.42857142857142855,2.0,0.0,2,0.0,0,0.0,0.0,0.0,243.0,120.0,0.0,4.0,43.0,34.0,18.0,854.0,164.0,1106.9887157813255,0,0,0,0.0,0.0
20,hutool,cn.hutool.core.util.URLUtilTest.normalizeTest,8.0,1.0,0.375,0.0,0.0,1,0.0,0,0.0,0.0,0.0,475.0,298.0,2.0,21.0,88.0,80.0,55.0,1863.0,341.0,2567.7106893751416,13,0,0,0.0,0.0
20,hutool,cn.hutool.core.util.URLUtilTest.normalizeTest2,8.0,1.0,0.375,0.0,0.0,1,0.0,0,0.0,0.0,0.0,475.0,298.0,2.0,21.0,88.0,80.0,55.0,1863.0,341.0,2567.7106893751416,13,0,0,0.0,0.0
20,hutool,cn.hutool.core.util.URLUtilTest.formatTest,5.0,2.0,0.2,0.0,0.0,1,0.0,0,2.0,0.0,0.0,475.0,298.0,2.0,21.0,88.0,80.0,55.0,1863.0,341.0,2567.7106893751416,13,0,0,0.0,0.0
20,hutool,cn.hutool.core.util.XmlUtilTest.parseTest,6.0,2.0,0.16666666666666666,0.0,0.0,3,0.0,0,0.0,0.0,0.0,822.0,990.0,0.0,41.0,128.0,165.0,120.0,2615.0,540.0,4249.270463309473,0,0,0,0.0,72.0
20,hutool,cn.hutool.core.util.XmlUtilTest.writeTest,5.0,2.0,0.0,0.0,1.0,3,0.0,0,0.0,0.0,0.0,822.0,990.0,0.0,41.0,128.0,165.0,120.0,2615.0,540.0,4249.270463309473,0,0,0,0.0,72.0
20,hutool,cn.hutool.core.util.XmlUtilTest.xpathTest,6.0,2.0,0.16666666666666666,0.0,0.0,2,0.0,0,0.0,0.0,0.0,822.0,990.0,0.0,41.0,128.0,165.0,120.0,2615.0,540.0,4249.270463309473,0,0,0,0.0,72.0
20,hutool,cn.hutool.core.util.XmlUtilTest.xmlToMapTest,10.0,2.0,1.1,1.0,0.0,4,0.0,0,0.0,0.0,0.0,822.0,990.0,0.0,41.0,128.0,165.0,120.0,2615.0,540.0,4249.270463309473,0,0,0,0.0,72.0
20,hutool,cn.hutool.core.util.XmlUtilTest.mapToXmlTest,5.0,1.0,0.2,0.0,0.0,5,0.0,0,0.0,0.0,0.0,822.0,990.0,0.0,41.0,128.0,165.0,120.0,2615.0,540.0,4249.270463309473,0,0,0,0.0,72.0
20,hutool,cn.hutool.core.util.XmlUtilTest.readTest,4.0,1.0,0.25,1.0,0.0,5,0.0,0,0.0,0.0,0.0,822.0,990.0,0.0,41.0,128.0,165.0,120.0,2615.0,540.0,4249.270463309473,0,0,0,0.0,72.0
20,hutool,cn.hutool.core.util.ZipUtilTest.zipDirTest,3.0,1.0,0.0,0.0,0.0,0,0.0,0,0.0,0.0,0.0,852.0,918.0,0.0,22.0,152.0,177.0,129.0,3572.0,431.0,3525.9596860004444,0,0,0,0.0,0.0
20,hutool,cn.hutool.core.util.ZipUtilTest.unzipTest,6.0,1.0,0.0,0.0,2.0,8,0.0,2,0.0,0.0,0.0,852.0,918.0,0.0,22.0,152.0,177.0,129.0,3572.0,431.0,3525.9596860004444,0,0,0,0.0,0.0
20,hutool,cn.hutool.core.util.ZipUtilTest.unzipChineseTest,3.0,1.0,0.0,0.0,0.0,0,0.0,0,0.0,0.0,0.0,852.0,918.0,0.0,22.0,152.0,177.0,129.0,3572.0,431.0,3525.9596860004444,0,0,0,0.0,0.0
20,hutool,cn.hutool.core.util.ZipUtilTest.unzipFileBytesTest,4.0,1.0,0.0,0.0,3.0,4,0.0,0,0.0,0.0,0.0,852.0,918.0,0.0,22.0,152.0,177.0,129.0,3572.0,431.0,3525.9596860004444,0,0,0,0.0,0.0
20,hutool,cn.hutool.crypto.test.HmacTest.hmacTest,9.0,1.0,0.3333333333333333,0.0,0.0,6,0.0,0,0.0,0.0,0.0,272.0,157.0,16.0,13.0,45.0,51.0,32.0,914.0,163.0,1111.3063831470263,0,0,0,0.0,0.0
20,hutool,cn.hutool.crypto.test.HmacTest.hmacMd5Test,8.0,1.0,0.375,0.0,0.0,6,0.0,0,0.0,0.0,0.0,272.0,157.0,16.0,13.0,45.0,51.0,32.0,914.0,163.0,1111.3063831470263,0,0,0,0.0,0.0
20,hutool,cn.hutool.crypto.test.HmacTest.hmacSha1Test,8.0,1.0,0.375,0.0,0.0,6,0.0,0,0.0,0.0,0.0,272.0,157.0,16.0,13.0,45.0,51.0,32.0,914.0,163.0,1111.3063831470263,0,0,0,0.0,0.0
20,hutool,cn.hutool.crypto.test.RSATest.generateKeyPairTest,5.0,1.0,0.6,2.0,0.0,0,0.0,0,0.0,0.0,0.0,194.0,48.0,0.0,11.0,25.0,30.0,17.0,543.0,135.0,850.1097581910813,0,0,0,0.0,0.0
20,hutool,cn.hutool.crypto.test.RSATest.rsaCustomKeyTest,12.0,1.0,0.25,0.0,0.0,7,0.0,0,0.0,0.0,0.0,194.0,48.0,0.0,11.0,25.0,30.0,17.0,543.0,135.0,850.1097581910813,0,0,0,0.0,0.0
20,hutool,cn.hutool.crypto.test.RSATest.rsaTest,13.0,1.0,0.8461538461538461,4.0,0.0,2,0.0,0,0.0,0.0,0.0,194.0,48.0,0.0,11.0,25.0,30.0,17.0,543.0,135.0,850.1097581910813,0,0,0,0.0,0.0
20,hutool,cn.hutool.crypto.test.RSATest.rsaBcdTest,10.0,1.0,0.3,2.0,0.0,0,0.0,0,0.0,0.0,0.0,194.0,48.0,0.0,11.0,25.0,30.0,17.0,543.0,135.0,850.1097581910813,0,0,0,0.0,0.0
20,hutool,cn.hutool.crypto.test.RSATest.rsaBase64Test,14.0,2.0,0.21428571428571427,2.0,0.0,0,0.0,0,1.0,0.0,0.0,194.0,48.0,0.0,11.0,25.0,30.0,17.0,543.0,135.0,850.1097581910813,0,0,0,0.0,0.0
20,hutool,cn.hutool.crypto.test.RSATest.rsaDecodeTest,8.0,1.0,0.125,0.0,0.0,1,0.0,0,0.0,0.0,0.0,194.0,48.0,0.0,11.0,25.0,30.0,17.0,543.0,135.0,850.1097581910813,0,0,0,0.0,0.0
20,hutool,cn.hutool.crypto.test.SignTest.signAndVerifyUseKeyTest,10.0,2.0,0.1,1.0,0.0,10,0.0,0,5.0,0.0,0.0,228.0,71.0,0.0,10.0,30.0,34.0,20.0,760.0,145.0,961.8311728256547,0,0,0,0.0,0.0
20,hutool,cn.hutool.crypto.test.SignTest.signAndVerifyTest,17.0,2.0,0.0,0.0,0.0,0,0.0,0,16.0,0.0,0.0,228.0,71.0,0.0,10.0,30.0,34.0,20.0,760.0,145.0,961.8311728256547,0,0,0,0.0,0.0
20,hutool,cn.hutool.crypto.test.SignTest.signAndVerify,11.0,2.0,0.09090909090909091,1.0,0.0,10,0.0,0,4.0,0.0,0.0,228.0,71.0,0.0,10.0,30.0,34.0,20.0,760.0,145.0,961.8311728256547,0,0,0,0.0,0.0
20,hutool,cn.hutool.crypto.test.SignTest.signAndVerify2,11.0,2.0,0.09090909090909091,1.0,1.0,10,0.0,0,5.0,0.0,0.0,228.0,71.0,0.0,10.0,30.0,34.0,20.0,760.0,145.0,961.8311728256547,0,0,0,0.0,0.0
20,hutool,cn.hutool.db.test.DbTest.findTest,5.0,2.0,0.2,0.0,0.0,5,0.0,0,0.0,0.0,0.0,225.0,120.0,0.0,10.0,35.0,42.0,26.0,700.0,146.0,956.457728916337,0,0,0,0.0,0.0
20,hutool,cn.hutool.db.test.DbTest.findByTest,8.0,3.0,0.125,0.0,0.0,5,0.0,0,1.0,0.0,0.0,225.0,120.0,0.0,10.0,35.0,42.0,26.0,700.0,146.0,956.457728916337,0,0,0,0.0,0.0
20,hutool,cn.hutool.db.test.DbTest.txTest,10.0,2.0,0.0,0.0,4.0,7,0.0,0,0.0,0.0,0.0,225.0,120.0,0.0,10.0,35.0,42.0,26.0,700.0,146.0,956.457728916337,0,0,0,0.0,0.0
20,hutool,cn.hutool.db.test.DbTest.call,5.0,2.0,0.0,0.0,4.0,0,0.0,0,0.0,0.0,0.0,225.0,120.0,0.0,10.0,35.0,42.0,26.0,700.0,146.0,956.457728916337,0,0,0,0.0,0.0
20,hutool,cn.hutool.db.test.EntityTest.parseTest,8.0,1.0,0.375,0.0,0.0,6,0.0,0,0.0,0.0,0.0,385.0,322.0,12.0,17.0,75.0,72.0,43.0,1306.0,228.0,1635.8371426426938,0,0,0,0.0,0.0
20,hutool,cn.hutool.db.test.EntityTest.parseTest2,9.0,1.0,0.5555555555555556,0.0,0.0,7,0.0,0,0.0,0.0,0.0,385.0,322.0,12.0,17.0,75.0,72.0,43.0,1306.0,228.0,1635.8371426426938,0,0,0,0.0,0.0
20,hutool,cn.hutool.db.test.EntityTest.entityToBeanIgnoreCaseTest,6.0,1.0,0.5,1.0,0.0,3,0.0,0,0.0,0.0,0.0,385.0,322.0,12.0,17.0,75.0,72.0,43.0,1306.0,228.0,1635.8371426426938,0,0,0,0.0,0.0
20,hutool,cn.hutool.db.test.NamedSqlTest.parseTest,8.0,1.0,0.625,0.0,0.0,2,0.0,0,0.0,0.0,0.0,135.0,1.0,3.0,5.0,14.0,20.0,14.0,575.0,127.0,807.0049951812636,0,0,0,0.0,0.0
20,hutool,cn.hutool.db.test.NamedSqlTest.parseTest2,9.0,1.0,0.7777777777777778,1.0,0.0,2,0.0,0,0.0,0.0,0.0,135.0,1.0,3.0,5.0,14.0,20.0,14.0,575.0,127.0,807.0049951812636,0,0,0,0.0,0.0
20,hutool,cn.hutool.db.test.SessionTest.transTest,11.0,2.0,0.0,0.0,0.0,7,0.0,0,0.0,0.0,0.0,296.0,211.0,0.0,13.0,49.0,65.0,43.0,1054.0,170.0,1183.2591139472224,0,0,0,0.0,0.0
20,hutool,cn.hutool.db.test.SessionTest.transFuncTest,9.0,2.0,0.0,0.0,0.0,4,0.0,0,0.0,0.0,0.0,296.0,211.0,0.0,13.0,49.0,65.0,43.0,1054.0,170.0,1183.2591139472224,0,0,0,0.0,0.0
20,hutool,cn.hutool.db.test.SessionTest.call,3.0,2.0,0.0,0.0,0.0,3,0.0,0,0.0,0.0,0.0,296.0,211.0,0.0,13.0,49.0,65.0,43.0,1054.0,170.0,1183.2591139472224,0,0,0,0.0,0.0
20,hutool,cn.hutool.extra.mail.MailAccountTest.parseSettingTest,6.0,1.0,0.5,2.0,0.0,3,0.0,0,0.0,0.0,0.0,453.0,411.0,1.0,6.0,69.0,46.0,12.0,1334.0,289.0,2079.6258584514394,0,0,0,0.0,0.0
20,hutool,cn.hutool.extra.mail.MailTest.sendTest,3.0,1.0,0.0,0.0,1.0,1,0.0,0,0.0,0.0,0.0,329.0,146.0,2.0,17.0,49.0,57.0,37.0,1015.0,249.0,1723.738328977496,0,0,0,0.0,0.0
20,hutool,cn.hutool.extra.mail.MailTest.sendTest2,3.0,1.0,0.0,0.0,1.0,1,0.0,0,0.0,0.0,0.0,329.0,146.0,2.0,17.0,49.0,57.0,37.0,1015.0,249.0,1723.738328977496,0,0,0,0.0,0.0
20,hutool,cn.hutool.extra.mail.MailTest.sendHtmlTest,3.0,1.0,0.0,0.0,0.0,0,0.0,0,0.0,0.0,0.0,329.0,146.0,2.0,17.0,49.0,57.0,37.0,1015.0,249.0,1723.738328977496,0,0,0,0.0,0.0
20,hutool,cn.hutool.extra.mail.MailTest.sendByAccountTest,10.0,1.0,0.0,0.0,0.0,1,0.0,0,0.0,0.0,0.0,329.0,146.0,2.0,17.0,49.0,57.0,37.0,1015.0,249.0,1723.738328977496,0,0,0,0.0,0.0
20,hutool,cn.hutool.extra.mail.MailTest.mailAccountTest,8.0,1.0,0.125,0.0,0.0,0,0.0,0,0.0,0.0,0.0,329.0,146.0,2.0,17.0,49.0,57.0,37.0,1015.0,249.0,1723.738328977496,0,0,0,0.0,0.0
20,hutool,cn.hutool.extra.qrcode.QrCodeUtilTest.generateTest,3.0,1.0,0.0,0.0,1.0,8,0.0,0,0.0,0.0,0.0,327.0,153.0,0.0,22.0,48.0,55.0,37.0,1191.0,218.0,1543.9955881194553,0,0,0,0.0,0.0
20,hutool,cn.hutool.extra.qrcode.QrCodeUtilTest.generateTest2,7.0,1.0,0.0,0.0,1.0,8,0.0,0,0.0,0.0,0.0,327.0,153.0,0.0,22.0,48.0,55.0,37.0,1191.0,218.0,1543.9955881194553,0,0,0,0.0,0.0
20,hutool,cn.hutool.extra.qrcode.QrCodeUtilTest.generateTest3,3.0,1.0,0.0,0.0,1.0,8,0.0,0,0.0,0.0,0.0,327.0,153.0,0.0,22.0,48.0,55.0,37.0,1191.0,218.0,1543.9955881194553,0,0,0,0.0,0.0
20,hutool,cn.hutool.extra.qrcode.QrCodeUtilTest.decodeTest,4.0,1.0,0.0,0.0,1.0,3,0.0,0,0.0,0.0,0.0,327.0,153.0,0.0,22.0,48.0,55.0,37.0,1191.0,218.0,1543.9955881194553,0,0,0,0.0,0.0
20,hutool,cn.hutool.extra.ssh.JschUtilTest.bindPortTest,4.0,1.0,0.0,0.0,0.0,2,0.0,0,0.0,0.0,0.0,292.0,105.0,7.0,15.0,50.0,55.0,40.0,1210.0,229.0,1625.52802123729,0,0,0,0.0,0.0
20,hutool,cn.hutool.extra.template.BeetlUtilTest.renderStrTest,8.0,2.0,0.375,0.0,0.0,9,0.0,0,0.0,0.0,0.0,289.0,153.0,0.0,17.0,40.0,45.0,27.0,888.0,176.0,1194.859026766622,0,0,0,0.0,0.0
20,hutool,cn.hutool.extra.template.TemplateUtilTest.createEngineTest,6.0,1.0,0.16666666666666666,0.0,0.0,2,0.0,0,0.0,0.0,0.0,32.0,1.0,0.0,1.0,4.0,4.0,2.0,69.0,36.0,152.42783416550134,0,0,2,0.0,0.0
20,hutool,cn.hutool.extra.template.TemplateUtilTest.beetlEngineTest,10.0,1.0,0.3,0.0,0.0,0,0.0,0,0.0,0.0,0.0,32.0,1.0,0.0,1.0,4.0,4.0,2.0,69.0,36.0,152.42783416550134,0,0,2,0.0,0.0
20,hutool,cn.hutool.extra.template.TemplateUtilTest.rythmEngineTest,9.0,1.0,0.3333333333333333,0.0,0.0,0,0.0,0,0.0,0.0,0.0,32.0,1.0,0.0,1.0,4.0,4.0,2.0,69.0,36.0,152.42783416550134,0,0,2,0.0,0.0
20,hutool,cn.hutool.extra.template.TemplateUtilTest.freemarkerEngineTest,6.0,1.0,0.16666666666666666,0.0,0.0,0,0.0,0,0.0,0.0,0.0,32.0,1.0,0.0,1.0,4.0,4.0,2.0,69.0,36.0,152.42783416550134,0,0,2,0.0,0.0
20,hutool,cn.hutool.extra.template.TemplateUtilTest.velocityEngineTest,6.0,1.0,0.16666666666666666,0.0,0.0,0,0.0,0,0.0,0.0,0.0,32.0,1.0,0.0,1.0,4.0,4.0,2.0,69.0,36.0,152.42783416550134,0,0,2,0.0,0.0
20,hutool,cn.hutool.extra.template.TemplateUtilTest.enjoyEngineTest,6.0,1.0,0.16666666666666666,0.0,0.0,0,0.0,0,0.0,0.0,0.0,32.0,1.0,0.0,1.0,4.0,4.0,2.0,69.0,36.0,152.42783416550134,0,0,2,0.0,0.0
20,hutool,cn.hutool.extra.template.TemplateUtilTest.thymeleafEngineTest,6.0,1.0,0.16666666666666666,0.0,0.0,0,0.0,0,0.0,0.0,0.0,32.0,1.0,0.0,1.0,4.0,4.0,2.0,69.0,36.0,152.42783416550134,0,0,2,0.0,0.0
20,hutool,cn.hutool.http.webservice.SoapRequestTest.requestTest,6.0,1.0,0.0,0.0,0.0,3,0.0,0,0.0,0.0,0.0,150.0,23.0,1.0,7.0,22.0,26.0,16.0,493.0,126.0,781.264155929379,0,0,0,0.0,0.0
20,hutool,cn.hutool.http.test.HtmlUtilTest.removeHtmlTagTest,20.0,1.0,0.55,0.0,0.0,2,0.0,0,0.0,0.0,0.0,209.0,45.0,1.0,2.0,29.0,29.0,19.0,762.0,179.0,1187.8344334679098,0,0,0,0.0,0.0
20,hutool,cn.hutool.http.test.HtmlUtilTest.unwrapHtmlTagTest,20.0,1.0,0.55,0.0,0.0,1,0.0,0,0.0,0.0,0.0,209.0,45.0,1.0,2.0,29.0,29.0,19.0,762.0,179.0,1187.8344334679098,0,0,0,0.0,0.0
20,hutool,cn.hutool.http.test.HtmlUtilTest.escapeTest,6.0,1.0,0.16666666666666666,1.0,0.0,2,0.0,0,0.0,0.0,0.0,209.0,45.0,1.0,2.0,29.0,29.0,19.0,762.0,179.0,1187.8344334679098,0,0,0,0.0,0.0
20,hutool,cn.hutool.http.test.HttpRequestTest.getHttpsTest,4.0,2.0,0.0,0.0,0.0,7,0.0,0,1.0,0.0,0.0,1062.0,1520.0,2.0,36.0,181.0,202.0,137.0,3693.0,661.0,5429.582508217544,0,0,0,0.0,270.0
20,hutool,cn.hutool.http.test.HttpRequestTest.getWithParamsTest,6.0,1.0,0.0,0.0,0.0,8,0.0,0,0.0,0.0,0.0,1062.0,1520.0,2.0,36.0,181.0,202.0,137.0,3693.0,661.0,5429.582508217544,0,0,0,0.0,270.0
20,hutool,cn.hutool.http.test.HttpRequestTest.asyncHeadTest,6.0,1.0,0.0,0.0,0.0,7,0.0,0,0.0,0.0,0.0,1062.0,1520.0,2.0,36.0,181.0,202.0,137.0,3693.0,661.0,5429.582508217544,0,0,0,0.0,270.0
20,hutool,cn.hutool.http.test.HttpRequestTest.asyncGetTest,9.0,1.0,0.0,0.0,0.0,6,0.0,0,0.0,0.0,0.0,1062.0,1520.0,2.0,36.0,181.0,202.0,137.0,3693.0,661.0,5429.582508217544,0,0,0,0.0,270.0
20,hutool,cn.hutool.http.test.HttpRequestTest.syncGetTest,9.0,1.0,0.0,0.0,0.0,7,0.0,0,0.0,0.0,0.0,1062.0,1520.0,2.0,36.0,181.0,202.0,137.0,3693.0,661.0,5429.582508217544,0,0,0,0.0,270.0
20,hutool,cn.hutool.http.test.HttpRequestTest.customGetTest,4.0,1.0,0.0,0.0,0.0,9,0.0,0,0.0,0.0,0.0,1062.0,1520.0,2.0,36.0,181.0,202.0,137.0,3693.0,661.0,5429.582508217544,0,0,0,0.0,270.0
20,hutool,cn.hutool.http.test.HttpUtilTest.postTest,4.0,1.0,0.0,0.0,0.0,1,0.0,0,0.0,0.0,0.0,903.0,990.0,44.0,32.0,141.0,200.0,155.0,3838.0,556.0,4588.50491217161,0,0,0,0.0,0.0
20,hutool,cn.hutool.http.test.HttpUtilTest.getTest,4.0,1.0,0.0,0.0,0.0,5,0.0,0,0.0,0.0,0.0,903.0,990.0,44.0,32.0,141.0,200.0,155.0,3838.0,556.0,4588.50491217161,0,0,0,0.0,0.0
20,hutool,cn.hutool.http.test.HttpUtilTest.getTest2,4.0,1.0,0.0,0.0,0.0,5,0.0,0,0.0,0.0,0.0,903.0,990.0,44.0,32.0,141.0,200.0,155.0,3838.0,556.0,4588.50491217161,0,0,0,0.0,0.0
20,hutool,cn.hutool.http.test.HttpUtilTest.getTest3,4.0,1.0,0.0,0.0,0.0,5,0.0,0,0.0,0.0,0.0,903.0,990.0,44.0,32.0,141.0,200.0,155.0,3838.0,556.0,4588.50491217161,0,0,0,0.0,0.0
20,hutool,cn.hutool.http.test.HttpUtilTest.get12306Test,4.0,1.0,0.0,0.0,0.0,5,0.0,0,0.0,0.0,0.0,903.0,990.0,44.0,32.0,141.0,200.0,155.0,3838.0,556.0,4588.50491217161,0,0,0,0.0,0.0
20,hutool,cn.hutool.http.test.HttpUtilTest.downloadStringTest,5.0,1.0,0.0,0.0,0.0,3,0.0,0,0.0,0.0,0.0,903.0,990.0,44.0,32.0,141.0,200.0,155.0,3838.0,556.0,4588.50491217161,0,0,0,0.0,0.0
20,hutool,cn.hutool.http.test.HttpUtilTest.oschinaTest,7.0,2.0,0.0,0.0,0.0,5,0.0,0,1.0,0.0,0.0,903.0,990.0,44.0,32.0,141.0,200.0,155.0,3838.0,556.0,4588.50491217161,0,0,0,0.0,0.0
20,hutool,cn.hutool.http.test.HttpUtilTest.decodeParamsTest,7.0,1.0,0.7142857142857143,0.0,0.0,6,0.0,0,0.0,0.0,0.0,903.0,990.0,44.0,32.0,141.0,200.0,155.0,3838.0,556.0,4588.50491217161,0,0,0,0.0,0.0
20,hutool,cn.hutool.http.test.HttpUtilTest.toParamsTest,6.0,1.0,0.16666666666666666,1.0,0.0,4,0.0,0,0.0,0.0,0.0,903.0,990.0,44.0,32.0,141.0,200.0,155.0,3838.0,556.0,4588.50491217161,0,0,0,0.0,0.0
20,hutool,cn.hutool.http.test.HttpUtilTest.encodeParamTest,26.0,2.0,0.5769230769230769,0.0,0.0,1,0.0,0,0.0,0.0,0.0,903.0,990.0,44.0,32.0,141.0,200.0,155.0,3838.0,556.0,4588.50491217161,0,0,0,0.0,0.0
20,hutool,cn.hutool.http.test.HttpUtilTest.decodeParamTest,36.0,2.0,1.0833333333333333,0.0,0.0,6,0.0,0,0.0,0.0,0.0,903.0,990.0,44.0,32.0,141.0,200.0,155.0,3838.0,556.0,4588.50491217161,0,0,0,0.0,0.0
20,hutool,cn.hutool.http.test.HttpUtilTest.patchTest,4.0,1.0,0.0,0.0,0.0,4,0.0,0,0.0,0.0,0.0,903.0,990.0,44.0,32.0,141.0,200.0,155.0,3838.0,556.0,4588.50491217161,0,0,0,0.0,0.0
20,hutool,cn.hutool.http.test.HttpUtilTest.urlWithFormTest,16.0,1.0,0.1875,0.0,0.0,2,0.0,0,0.0,0.0,0.0,903.0,990.0,44.0,32.0,141.0,200.0,155.0,3838.0,556.0,4588.50491217161,0,0,0,0.0,0.0
20,hutool,cn.hutool.json.JSONArrayTest.addTest,7.0,1.0,0.14285714285714285,0.0,0.0,3,0.0,0,0.0,0.0,0.0,660.0,663.0,15.0,12.0,143.0,151.0,96.0,2618.0,508.0,3998.0443008066813,0,0,0,0.0,0.0
20,hutool,cn.hutool.json.JSONArrayTest.parseTest,5.0,1.0,0.2,0.0,0.0,1,0.0,0,0.0,0.0,0.0,660.0,663.0,15.0,12.0,143.0,151.0,96.0,2618.0,508.0,3998.0443008066813,0,0,0,0.0,0.0
20,hutool,cn.hutool.json.JSONArrayTest.parseFileTest,6.0,1.0,0.16666666666666666,0.0,2.0,0,0.0,0,0.0,0.0,0.0,660.0,663.0,15.0,12.0,143.0,151.0,96.0,2618.0,508.0,3998.0443008066813,0,0,0,0.0,0.0
20,hutool,cn.hutool.json.JSONArrayTest.parseBeanListTest,11.0,1.0,0.0,0.0,0.0,0,0.0,0,0.0,0.0,0.0,660.0,663.0,15.0,12.0,143.0,151.0,96.0,2618.0,508.0,3998.0443008066813,0,0,0,0.0,0.0
20,hutool,cn.hutool.json.JSONArrayTest.toListTest,6.0,1.0,0.16666666666666666,1.0,1.0,2,0.0,0,0.0,0.0,0.0,660.0,663.0,15.0,12.0,143.0,151.0,96.0,2618.0,508.0,3998.0443008066813,0,0,0,0.0,0.0
20,hutool,cn.hutool.json.JSONArrayTest.toListWithNullTest,11.0,1.0,0.45454545454545453,1.0,0.0,2,0.0,0,0.0,0.0,0.0,660.0,663.0,15.0,12.0,143.0,151.0,96.0,2618.0,508.0,3998.0443008066813,0,0,0,0.0,0.0
20,hutool,cn.hutool.json.JSONObjectTest.putAllTest,14.0,1.0,0.35714285714285715,0.0,0.0,3,0.0,0,0.0,0.0,0.0,821.0,978.0,15.0,25.0,151.0,166.0,114.0,3483.0,583.0,4754.743524623379,0,0,0,0.0,82.0
20,hutool,cn.hutool.json.JSONObjectTest.parseStringTest,10.0,1.0,1.1,0.0,0.0,2,0.0,0,0.0,0.0,0.0,821.0,978.0,15.0,25.0,151.0,166.0,114.0,3483.0,583.0,4754.743524623379,0,0,0,0.0,82.0
20,hutool,cn.hutool.json.JSONObjectTest.parseStringTest2,6.0,1.0,0.5,0.0,0.0,0,0.0,0,0.0,0.0,0.0,821.0,978.0,15.0,25.0,151.0,166.0,114.0,3483.0,583.0,4754.743524623379,0,0,0,0.0,82.0
20,hutool,cn.hutool.json.JSONObjectTest.toBeanTest,10.0,1.0,0.9,1.0,0.0,8,0.0,0,0.0,0.0,0.0,821.0,978.0,15.0,25.0,151.0,166.0,114.0,3483.0,583.0,4754.743524623379,0,0,0,0.0,82.0
20,hutool,cn.hutool.json.JSONObjectTest.toBeanNullStrTest,6.0,1.0,0.5,1.0,0.0,7,0.0,0,0.0,0.0,0.0,821.0,978.0,15.0,25.0,151.0,166.0,114.0,3483.0,583.0,4754.743524623379,0,0,0,0.0,82.0
20,hutool,cn.hutool.json.JSONObjectTest.toBeanTest2,10.0,1.0,0.1,0.0,0.0,7,0.0,0,0.0,0.0,0.0,821.0,978.0,15.0,25.0,151.0,166.0,114.0,3483.0,583.0,4754.743524623379,0,0,0,0.0,82.0
20,hutool,cn.hutool.json.JSONObjectTest.toBeanTest3,7.0,1.0,0.42857142857142855,1.0,0.0,8,0.0,0,0.0,0.0,0.0,821.0,978.0,15.0,25.0,151.0,166.0,114.0,3483.0,583.0,4754.743524623379,0,0,0,0.0,82.0
20,hutool,cn.hutool.json.JSONObjectTest.toBeanTest4,5.0,1.0,0.2,0.0,0.0,7,0.0,0,0.0,0.0,0.0,821.0,978.0,15.0,25.0,151.0,166.0,114.0,3483.0,583.0,4754.743524623379,0,0,0,0.0,82.0
20,hutool,cn.hutool.json.JSONObjectTest.parseBeanTest,9.0,1.0,0.3333333333333333,0.0,0.0,1,0.0,0,0.0,0.0,0.0,821.0,978.0,15.0,25.0,151.0,166.0,114.0,3483.0,583.0,4754.743524623379,0,0,0,0.0,82.0
20,hutool,cn.hutool.json.JSONObjectTest.parseBeanTest2,12.0,1.0,0.25,1.0,0.0,8,1.0,0,0.0,0.0,0.0,821.0,978.0,15.0,25.0,151.0,166.0,114.0,3483.0,583.0,4754.743524623379,0,0,0,0.0,82.0
20,hutool,cn.hutool.json.JSONObjectTest.beanTransTest,10.0,1.0,0.3,2.0,0.0,6,0.0,0,0.0,0.0,0.0,821.0,978.0,15.0,25.0,151.0,166.0,114.0,3483.0,583.0,4754.743524623379,0,0,0,0.0,82.0
20,hutool,cn.hutool.json.JSONObjectTest.parseFromBeanTest,11.0,1.0,0.45454545454545453,0.0,0.0,1,0.0,0,0.0,0.0,0.0,821.0,978.0,15.0,25.0,151.0,166.0,114.0,3483.0,583.0,4754.743524623379,0,0,0,0.0,82.0
20,hutool,cn.hutool.json.JSONObjectTest.specialCharTest,6.0,1.0,0.5,0.0,0.0,0,0.0,0,0.0,0.0,0.0,821.0,978.0,15.0,25.0,151.0,166.0,114.0,3483.0,583.0,4754.743524623379,0,0,0,0.0,82.0
20,hutool,cn.hutool.json.JSONStrFormaterTest.formatTest,5.0,2.0,0.2,1.0,0.0,1,0.0,0,2.0,0.0,0.0,123.0,1.0,1.0,1.0,8.0,9.0,7.0,658.0,106.0,687.8557227204836,0,0,2,0.0,0.0
20,hutool,cn.hutool.json.JSONStrFormaterTest.formatTest2,5.0,2.0,0.2,1.0,0.0,1,0.0,0,2.0,0.0,0.0,123.0,1.0,1.0,1.0,8.0,9.0,7.0,658.0,106.0,687.8557227204836,0,0,2,0.0,0.0
20,hutool,cn.hutool.json.JSONStrFormaterTest.formatTest3,5.0,2.0,0.2,1.0,0.0,1,0.0,0,2.0,0.0,0.0,123.0,1.0,1.0,1.0,8.0,9.0,7.0,658.0,106.0,687.8557227204836,0,0,2,0.0,0.0
20,hutool,cn.hutool.json.JSONUtilTest.toDateTest,5.0,1.0,0.2,1.0,0.0,7,0.0,0,0.0,0.0,0.0,717.0,741.0,0.0,18.0,105.0,114.0,75.0,1963.0,446.0,3381.674220647302,0,0,0,0.0,0.0
20,hutool,cn.hutool.json.JSONUtilTest.toJsonStrTest,16.0,1.0,0.0625,1.0,0.0,3,0.0,0,0.0,0.0,0.0,717.0,741.0,0.0,18.0,105.0,114.0,75.0,1963.0,446.0,3381.674220647302,0,0,0,0.0,0.0
20,hutool,cn.hutool.json.JSONUtilTest.toJsonStrTest2,11.0,1.0,0.45454545454545453,0.0,0.0,3,0.0,0,0.0,0.0,0.0,717.0,741.0,0.0,18.0,105.0,114.0,75.0,1963.0,446.0,3381.674220647302,0,0,0,0.0,0.0
20,hutool,cn.hutool.json.JSONUtilTest.toJsonStrTest3,13.0,1.0,0.38461538461538464,0.0,0.0,3,1.0,0,0.0,0.0,0.0,717.0,741.0,0.0,18.0,105.0,114.0,75.0,1963.0,446.0,3381.674220647302,0,0,0,0.0,0.0
20,hutool,cn.hutool.json.JSONUtilTest.toBeanTest,5.0,1.0,0.2,0.0,0.0,3,0.0,0,0.0,0.0,0.0,717.0,741.0,0.0,18.0,105.0,114.0,75.0,1963.0,446.0,3381.674220647302,0,0,0,0.0,0.0
20,hutool,cn.hutool.json.JSONUtilTest.toBeanTest2,9.0,1.0,0.5555555555555556,1.0,0.0,6,0.0,0,0.0,0.0,0.0,717.0,741.0,0.0,18.0,105.0,114.0,75.0,1963.0,446.0,3381.674220647302,0,0,0,0.0,0.0
20,hutool,cn.hutool.json.JSONUtilTest.putByPathTest,5.0,1.0,0.2,0.0,0.0,1,1.0,0,0.0,0.0,0.0,717.0,741.0,0.0,18.0,105.0,114.0,75.0,1963.0,446.0,3381.674220647302,0,0,0,0.0,0.0
20,hutool,cn.hutool.json.JSONUtilTest.getStrTest,5.0,1.0,0.2,0.0,0.0,3,0.0,0,0.0,0.0,0.0,717.0,741.0,0.0,18.0,105.0,114.0,75.0,1963.0,446.0,3381.674220647302,0,0,0,0.0,0.0
20,hutool,cn.hutool.json.JSONUtilTest.getStrTest2,5.0,1.0,0.2,0.0,0.0,3,0.0,0,0.0,0.0,0.0,717.0,741.0,0.0,18.0,105.0,114.0,75.0,1963.0,446.0,3381.674220647302,0,0,0,0.0,0.0
20,hutool,cn.hutool.json.JSONUtilTest.parseFromXmlTest,8.0,1.0,0.875,0.0,0.0,1,0.0,0,0.0,0.0,0.0,717.0,741.0,0.0,18.0,105.0,114.0,75.0,1963.0,446.0,3381.674220647302,0,0,0,0.0,0.0
20,hutool,cn.hutool.log.test.ConsoleLogTest.customLogTest,7.0,1.0,0.0,0.0,0.0,3,0.0,0,0.0,0.0,0.0,166.0,142.0,6.0,7.0,42.0,48.0,27.0,477.0,106.0,653.7567480341642,0,0,0,0.0,0.0
20,hutool,cn.hutool.log.test.LogTest.logTest,6.0,1.0,0.0,0.0,0.0,0,0.0,0,0.0,0.0,0.0,47.0,6.0,0.0,6.0,8.0,4.0,0.0,115.0,51.0,241.99153854652576,0,0,0,0.0,0.0
20,hutool,cn.hutool.log.test.StaticLogTest.test,4.0,1.0,0.0,0.0,0.0,4,0.0,0,0.0,0.0,0.0,274.0,231.0,0.0,3.0,50.0,69.0,47.0,904.0,114.0,775.9785470847081,0,0,0,0.0,0.0
20,hutool,cn.hutool.poi.test.CellUtilTest.isDateTest,6.0,2.0,0.0,0.0,0.0,0,0.0,0,1.0,0.0,0.0,280.0,45.0,0.0,15.0,37.0,61.0,51.0,623.0,247.0,1589.332990140501,0,0,0,0.0,0.0
20,hutool,cn.hutool.script.test.ScriptUtilTest.compileTest,9.0,3.0,0.0,0.0,0.0,5,0.0,0,0.0,0.0,0.0,119.0,21.0,0.0,7.0,24.0,17.0,10.0,434.0,82.0,497.9896517962332,0,0,0,0.0,0.0
20,hutool,cn.hutool.script.test.ScriptUtilTest.evalTest,3.0,1.0,0.0,0.0,0.0,0,0.0,0,0.0,0.0,0.0,119.0,21.0,0.0,7.0,24.0,17.0,10.0,434.0,82.0,497.9896517962332,0,0,0,0.0,0.0
20,hutool,cn.hutool.setting.test.PropsTest.init,3.0,2.0,0.0,0.0,0.0,0,0.0,0,1.0,0.0,0.0,498.0,1230.0,12.0,34.0,105.0,126.0,74.0,1705.0,277.0,2061.2457479517802,0,0,0,0.0,0.0
20,hutool,cn.hutool.setting.test.PropsTest.propTest,7.0,1.0,0.42857142857142855,0.0,1.0,2,0.0,0,0.0,0.0,0.0,498.0,1230.0,12.0,34.0,105.0,126.0,74.0,1705.0,277.0,2061.2457479517802,0,0,0,0.0,0.0
20,hutool,cn.hutool.setting.test.PropsTest.propTestForAbsPAth,7.0,1.0,0.42857142857142855,0.0,1.0,2,0.0,0,0.0,0.0,0.0,498.0,1230.0,12.0,34.0,105.0,126.0,74.0,1705.0,277.0,2061.2457479517802,0,0,0,0.0,0.0
20,hutool,cn.hutool.setting.test.SettingTest.settingTest,11.0,1.0,0.6363636363636364,0.0,3.0,1,0.0,0,0.0,0.0,0.0,653.0,3.0,5.0,27.0,108.0,120.0,70.0,2267.0,398.0,3075.0326349019965,0,0,0,0.0,0.0
20,hutool,cn.hutool.setting.test.SettingTest.settingTestForAbsPath,4.0,1.0,0.0,0.0,0.0,0,0.0,0,0.0,0.0,0.0,653.0,3.0,5.0,27.0,108.0,120.0,70.0,2267.0,398.0,3075.0326349019965,0,0,0,0.0,0.0
20,hutool,cn.hutool.setting.test.SettingTest.settingTestForCustom,11.0,1.0,0.6363636363636364,0.0,0.0,6,0.0,0,0.0,0.0,0.0,653.0,3.0,5.0,27.0,108.0,120.0,70.0,2267.0,398.0,3075.0326349019965,0,0,0,0.0,0.0
20,hutool,cn.hutool.setting.test.SettingUtilTest.getTest,4.0,1.0,0.25,0.0,1.0,1,0.0,0,0.0,0.0,0.0,46.0,0.0,0.0,4.0,3.0,5.0,4.0,196.0,55.0,290.29630625767845,0,0,1,0.0,0.0
20,hutool,cn.hutool.system.SystemUtilTest.dumpTest,3.0,1.0,0.0,0.0,0.0,0,0.0,0,0.0,0.0,0.0,427.0,406.0,1.0,17.0,60.0,81.0,52.0,1293.0,296.0,2120.75723211647,28,0,0,0.0,0.0
20,hutool,cn.hutool.system.SystemUtilTest.getCurrentPidTest,4.0,1.0,0.25,1.0,0.0,1,0.0,0,0.0,0.0,0.0,427.0,406.0,1.0,17.0,60.0,81.0,52.0,1293.0,296.0,2120.75723211647,28,0,0,0.0,0.0
