idProject,nameProject,testCase,tloc,tmcCabe,assertionDensity,assertionRoulette,mysteryGuest,eagerTest,sensitiveEquality,resourceOptimism,conditionalTestLogic,fireAndForget,testRunWar,loc,lcom2,lcom5,cbo,wmc,rfc,mpc,halsteadVocabulary,halsteadLength,halsteadVolume,classDataShouldBePrivate,complexClass,functionalDecomposition,godClass,spaghettiCode
71,javacpp,org.bytedeco.javacpp.BuilderTest.init,3.0,1.0,0.0,0.0,0.0,0,0.0,0,0.0,0.0,0.0,1484.0,784.0,2.0,36.0,168.0,318.0,269.0,13314.0,1546.0,14681.699372280362,0,0,0,0.0,878.0
71,javacpp,org.bytedeco.javacpp.BuilderTest.init,5.0,1.0,0.0,0.0,0.0,0,0.0,0,0.0,0.0,0.0,1484.0,784.0,2.0,36.0,168.0,318.0,269.0,13314.0,1546.0,14681.699372280362,0,0,0,0.0,878.0
71,javacpp,org.bytedeco.javacpp.BuilderTest.testExtensions,54.0,5.0,0.1111111111111111,4.0,10.0,4,0.0,1,10.0,0.0,0.0,1484.0,784.0,2.0,36.0,168.0,318.0,269.0,13314.0,1546.0,14681.699372280362,0,0,0,0.0,878.0
71,javacpp,org.bytedeco.javacpp.IndexerTest.setUpClass,9.0,3.0,0.0,0.0,2.0,0,0.0,0,1.0,0.0,0.0,187.0,230.0,7.0,2.0,68.0,45.0,16.0,1341.0,329.0,2369.185220599672,0,0,0,0.0,0.0
71,javacpp,org.bytedeco.javacpp.IndexerTest.tearDownClass,3.0,2.0,0.0,0.0,0.0,0,0.0,0,0.0,0.0,0.0,187.0,230.0,7.0,2.0,68.0,45.0,16.0,1341.0,329.0,2369.185220599672,0,0,0,0.0,0.0
71,javacpp,org.bytedeco.javacpp.IndexerTest.testDefaultStrides,8.0,1.0,0.25,3.0,0.0,1,0.0,0,0.0,0.0,0.0,187.0,230.0,7.0,2.0,68.0,45.0,16.0,1341.0,329.0,2369.185220599672,0,0,0,0.0,0.0
71,javacpp,org.bytedeco.javacpp.IndexerTest.testIndexer,22.0,1.0,0.6363636363636364,15.0,0.0,6,0.0,0,0.0,0.0,0.0,187.0,230.0,7.0,2.0,68.0,45.0,16.0,1341.0,329.0,2369.185220599672,0,0,0,0.0,0.0
71,javacpp,org.bytedeco.javacpp.IndexerTest.testByteIndexer,113.0,5.0,0.336283185840708,39.0,0.0,3,0.0,0,11.0,0.0,0.0,187.0,230.0,7.0,2.0,68.0,45.0,16.0,1341.0,329.0,2369.185220599672,0,0,0,0.0,0.0
71,javacpp,org.bytedeco.javacpp.IndexerTest.testShortIndexer,73.0,5.0,0.1643835616438356,13.0,0.0,2,0.0,0,10.0,0.0,0.0,187.0,230.0,7.0,2.0,68.0,45.0,16.0,1341.0,329.0,2369.185220599672,0,0,0,0.0,0.0
71,javacpp,org.bytedeco.javacpp.IndexerTest.testIntIndexer,73.0,5.0,0.1643835616438356,13.0,0.0,2,0.0,0,10.0,0.0,0.0,187.0,230.0,7.0,2.0,68.0,45.0,16.0,1341.0,329.0,2369.185220599672,0,0,0,0.0,0.0
71,javacpp,org.bytedeco.javacpp.IndexerTest.testLongIndexer,73.0,5.0,0.1643835616438356,13.0,0.0,2,0.0,0,10.0,0.0,0.0,187.0,230.0,7.0,2.0,68.0,45.0,16.0,1341.0,329.0,2369.185220599672,0,0,0,0.0,0.0
71,javacpp,org.bytedeco.javacpp.IndexerTest.testFloatIndexer,73.0,5.0,0.1643835616438356,13.0,0.0,2,0.0,0,10.0,0.0,0.0,187.0,230.0,7.0,2.0,68.0,45.0,16.0,1341.0,329.0,2369.185220599672,0,0,0,0.0,0.0
71,javacpp,org.bytedeco.javacpp.IndexerTest.testDoubleIndexer,73.0,5.0,0.1643835616438356,13.0,0.0,2,0.0,0,10.0,0.0,0.0,187.0,230.0,7.0,2.0,68.0,45.0,16.0,1341.0,329.0,2369.185220599672,0,0,0,0.0,0.0
71,javacpp,org.bytedeco.javacpp.IndexerTest.testCharIndexer,73.0,5.0,0.1643835616438356,13.0,0.0,2,0.0,0,10.0,0.0,0.0,187.0,230.0,7.0,2.0,68.0,45.0,16.0,1341.0,329.0,2369.185220599672,0,0,0,0.0,0.0
71,javacpp,org.bytedeco.javacpp.IndexerTest.testBooleanIndexer,78.0,5.0,0.20512820512820512,17.0,0.0,2,0.0,0,10.0,0.0,0.0,187.0,230.0,7.0,2.0,68.0,45.0,16.0,1341.0,329.0,2369.185220599672,0,0,0,0.0,0.0
71,javacpp,org.bytedeco.javacpp.IndexerTest.testUByteIndexer,74.0,5.0,0.16216216216216217,13.0,0.0,2,0.0,0,10.0,0.0,0.0,187.0,230.0,7.0,2.0,68.0,45.0,16.0,1341.0,329.0,2369.185220599672,0,0,0,0.0,0.0
71,javacpp,org.bytedeco.javacpp.IndexerTest.testUShortIndexer,74.0,5.0,0.16216216216216217,13.0,0.0,2,0.0,0,10.0,0.0,0.0,187.0,230.0,7.0,2.0,68.0,45.0,16.0,1341.0,329.0,2369.185220599672,0,0,0,0.0,0.0
71,javacpp,org.bytedeco.javacpp.IndexerTest.testUIntIndexer,74.0,5.0,0.16216216216216217,13.0,0.0,2,0.0,0,10.0,0.0,0.0,187.0,230.0,7.0,2.0,68.0,45.0,16.0,1341.0,329.0,2369.185220599672,0,0,0,0.0,0.0
71,javacpp,org.bytedeco.javacpp.IndexerTest.testULongIndexer,74.0,5.0,0.16216216216216217,13.0,0.0,2,0.0,0,10.0,0.0,0.0,187.0,230.0,7.0,2.0,68.0,45.0,16.0,1341.0,329.0,2369.185220599672,0,0,0,0.0,0.0
71,javacpp,org.bytedeco.javacpp.IndexerTest.testHalfIndexer,87.0,6.0,0.1724137931034483,16.0,0.0,2,0.0,0,13.0,0.0,0.0,187.0,230.0,7.0,2.0,68.0,45.0,16.0,1341.0,329.0,2369.185220599672,0,0,0,0.0,0.0
71,javacpp,org.bytedeco.javacpp.IndexerTest.testBfloat16Indexer,87.0,6.0,0.1724137931034483,16.0,0.0,2,0.0,0,13.0,0.0,0.0,187.0,230.0,7.0,2.0,68.0,45.0,16.0,1341.0,329.0,2369.185220599672,0,0,0,0.0,0.0
71,javacpp,org.bytedeco.javacpp.IndexerTest.testBfloat16IndexerPutGet,6.0,1.0,0.3333333333333333,3.0,0.0,0,0.0,0,0.0,0.0,0.0,187.0,230.0,7.0,2.0,68.0,45.0,16.0,1341.0,329.0,2369.185220599672,0,0,0,0.0,0.0
71,javacpp,org.bytedeco.javacpp.IndexerTest.testBooleanIndexerPutGet,6.0,1.0,0.3333333333333333,3.0,0.0,0,0.0,0,0.0,0.0,0.0,187.0,230.0,7.0,2.0,68.0,45.0,16.0,1341.0,329.0,2369.185220599672,0,0,0,0.0,0.0
71,javacpp,org.bytedeco.javacpp.IndexerTest.testByteIndexerPutGet,6.0,1.0,0.3333333333333333,3.0,0.0,0,0.0,0,0.0,0.0,0.0,187.0,230.0,7.0,2.0,68.0,45.0,16.0,1341.0,329.0,2369.185220599672,0,0,0,0.0,0.0
71,javacpp,org.bytedeco.javacpp.IndexerTest.testCharIndexerPutGet,6.0,1.0,0.3333333333333333,3.0,0.0,0,0.0,0,0.0,0.0,0.0,187.0,230.0,7.0,2.0,68.0,45.0,16.0,1341.0,329.0,2369.185220599672,0,0,0,0.0,0.0
71,javacpp,org.bytedeco.javacpp.IndexerTest.testDoubleIndexerPutGet,6.0,1.0,0.3333333333333333,3.0,0.0,0,0.0,0,0.0,0.0,0.0,187.0,230.0,7.0,2.0,68.0,45.0,16.0,1341.0,329.0,2369.185220599672,0,0,0,0.0,0.0
71,javacpp,org.bytedeco.javacpp.IndexerTest.testFloatIndexerPutGet,6.0,1.0,0.3333333333333333,3.0,0.0,0,0.0,0,0.0,0.0,0.0,187.0,230.0,7.0,2.0,68.0,45.0,16.0,1341.0,329.0,2369.185220599672,0,0,0,0.0,0.0
71,javacpp,org.bytedeco.javacpp.IndexerTest.testHalfIndexerPutGet,6.0,1.0,0.3333333333333333,3.0,0.0,0,0.0,0,0.0,0.0,0.0,187.0,230.0,7.0,2.0,68.0,45.0,16.0,1341.0,329.0,2369.185220599672,0,0,0,0.0,0.0
71,javacpp,org.bytedeco.javacpp.IndexerTest.testIntIndexerPutGet,6.0,1.0,0.3333333333333333,3.0,0.0,0,0.0,0,0.0,0.0,0.0,187.0,230.0,7.0,2.0,68.0,45.0,16.0,1341.0,329.0,2369.185220599672,0,0,0,0.0,0.0
71,javacpp,org.bytedeco.javacpp.IndexerTest.testLongIndexerPutGet,6.0,1.0,0.3333333333333333,3.0,0.0,0,0.0,0,0.0,0.0,0.0,187.0,230.0,7.0,2.0,68.0,45.0,16.0,1341.0,329.0,2369.185220599672,0,0,0,0.0,0.0
71,javacpp,org.bytedeco.javacpp.IndexerTest.testShortIndexerPutGet,6.0,1.0,0.3333333333333333,3.0,0.0,0,0.0,0,0.0,0.0,0.0,187.0,230.0,7.0,2.0,68.0,45.0,16.0,1341.0,329.0,2369.185220599672,0,0,0,0.0,0.0
71,javacpp,org.bytedeco.javacpp.IndexerTest.testUByteIndexerPutGet,6.0,1.0,0.3333333333333333,3.0,0.0,0,0.0,0,0.0,0.0,0.0,187.0,230.0,7.0,2.0,68.0,45.0,16.0,1341.0,329.0,2369.185220599672,0,0,0,0.0,0.0
71,javacpp,org.bytedeco.javacpp.IndexerTest.testUIntIndexerPutGet,6.0,1.0,0.3333333333333333,3.0,0.0,0,0.0,0,0.0,0.0,0.0,187.0,230.0,7.0,2.0,68.0,45.0,16.0,1341.0,329.0,2369.185220599672,0,0,0,0.0,0.0
71,javacpp,org.bytedeco.javacpp.IndexerTest.testULongIndexerPutGet,6.0,1.0,0.3333333333333333,3.0,0.0,0,0.0,0,0.0,0.0,0.0,187.0,230.0,7.0,2.0,68.0,45.0,16.0,1341.0,329.0,2369.185220599672,0,0,0,0.0,0.0
71,javacpp,org.bytedeco.javacpp.IndexerTest.testUShortIndexerPutGet,6.0,1.0,0.3333333333333333,3.0,0.0,0,0.0,0,0.0,0.0,0.0,187.0,230.0,7.0,2.0,68.0,45.0,16.0,1341.0,329.0,2369.185220599672,0,0,0,0.0,0.0
71,javacpp,org.bytedeco.javacpp.PointerTest.setUpClass,16.0,4.0,0.1875,4.0,2.0,0,0.0,0,1.0,0.0,0.0,998.0,1461.0,5.0,13.0,156.0,144.0,82.0,4784.0,1203.0,10193.057851643453,0,0,0,0.0,367.0
71,javacpp,org.bytedeco.javacpp.PointerTest.testFunctionPointer,42.0,3.0,0.14285714285714285,6.0,0.0,3,0.0,0,2.0,0.0,0.0,998.0,1461.0,5.0,13.0,156.0,144.0,82.0,4784.0,1203.0,10193.057851643453,0,0,0,0.0,367.0
71,javacpp,org.bytedeco.javacpp.PointerTest.call,3.0,2.0,0.0,0.0,0.0,0,0.0,0,0.0,0.0,0.0,998.0,1461.0,5.0,13.0,156.0,144.0,82.0,4784.0,1203.0,10193.057851643453,0,0,0,0.0,367.0
71,javacpp,org.bytedeco.javacpp.PointerTest.call,3.0,2.0,0.0,0.0,0.0,0,0.0,0,0.0,0.0,0.0,998.0,1461.0,5.0,13.0,156.0,144.0,82.0,4784.0,1203.0,10193.057851643453,0,0,0,0.0,367.0
71,javacpp,org.bytedeco.javacpp.PointerTest.call,3.0,2.0,0.0,0.0,0.0,0,0.0,0,0.0,0.0,0.0,998.0,1461.0,5.0,13.0,156.0,144.0,82.0,4784.0,1203.0,10193.057851643453,0,0,0,0.0,367.0
71,javacpp,org.bytedeco.javacpp.PointerTest.testPointer,33.0,2.0,0.36363636363636365,13.0,0.0,19,0.0,0,0.0,0.0,0.0,998.0,1461.0,5.0,13.0,156.0,144.0,82.0,4784.0,1203.0,10193.057851643453,0,0,0,0.0,367.0
71,javacpp,org.bytedeco.javacpp.PointerTest.testBytePointer,105.0,6.0,0.3238095238095238,35.0,0.0,17,0.0,0,9.0,0.0,0.0,998.0,1461.0,5.0,13.0,156.0,144.0,82.0,4784.0,1203.0,10193.057851643453,0,0,0,0.0,367.0
71,javacpp,org.bytedeco.javacpp.PointerTest.testShortPointer,84.0,6.0,0.2857142857142857,25.0,0.0,17,0.0,0,8.0,0.0,0.0,998.0,1461.0,5.0,13.0,156.0,144.0,82.0,4784.0,1203.0,10193.057851643453,0,0,0,0.0,367.0
71,javacpp,org.bytedeco.javacpp.PointerTest.testIntPointer,84.0,6.0,0.2857142857142857,25.0,0.0,17,0.0,0,8.0,0.0,0.0,998.0,1461.0,5.0,13.0,156.0,144.0,82.0,4784.0,1203.0,10193.057851643453,0,0,0,0.0,367.0
71,javacpp,org.bytedeco.javacpp.PointerTest.testLongPointer,84.0,6.0,0.2857142857142857,25.0,0.0,17,0.0,0,8.0,0.0,0.0,998.0,1461.0,5.0,13.0,156.0,144.0,82.0,4784.0,1203.0,10193.057851643453,0,0,0,0.0,367.0
71,javacpp,org.bytedeco.javacpp.PointerTest.testFloatPointer,84.0,6.0,0.2857142857142857,25.0,0.0,17,0.0,0,8.0,0.0,0.0,998.0,1461.0,5.0,13.0,156.0,144.0,82.0,4784.0,1203.0,10193.057851643453,0,0,0,0.0,367.0
71,javacpp,org.bytedeco.javacpp.PointerTest.testDoublePointer,84.0,6.0,0.2857142857142857,25.0,0.0,17,0.0,0,8.0,0.0,0.0,998.0,1461.0,5.0,13.0,156.0,144.0,82.0,4784.0,1203.0,10193.057851643453,0,0,0,0.0,367.0
71,javacpp,org.bytedeco.javacpp.PointerTest.testCharPointer,84.0,6.0,0.2857142857142857,25.0,0.0,17,0.0,0,8.0,0.0,0.0,998.0,1461.0,5.0,13.0,156.0,144.0,82.0,4784.0,1203.0,10193.057851643453,0,0,0,0.0,367.0
71,javacpp,org.bytedeco.javacpp.PointerTest.testBooleanPointer,83.0,6.0,0.2891566265060241,25.0,0.0,17,0.0,0,8.0,0.0,0.0,998.0,1461.0,5.0,13.0,156.0,144.0,82.0,4784.0,1203.0,10193.057851643453,0,0,0,0.0,367.0
71,javacpp,org.bytedeco.javacpp.PointerTest.testPointerPointer,97.0,6.0,0.23711340206185566,22.0,0.0,16,0.0,0,11.0,0.0,0.0,998.0,1461.0,5.0,13.0,156.0,144.0,82.0,4784.0,1203.0,10193.057851643453,0,0,0,0.0,367.0
71,javacpp,org.bytedeco.javacpp.PointerTest.testDeallocator,44.0,6.0,0.0,2.0,0.0,7,0.0,0,7.0,0.0,0.0,998.0,1461.0,5.0,13.0,156.0,144.0,82.0,4784.0,1203.0,10193.057851643453,0,0,0,0.0,367.0
71,javacpp,org.bytedeco.javacpp.PointerTest.run,22.0,5.0,0.0,1.0,0.0,4,0.0,0,4.0,0.0,0.0,998.0,1461.0,5.0,13.0,156.0,144.0,82.0,4784.0,1203.0,10193.057851643453,0,0,0,0.0,367.0
71,javacpp,org.bytedeco.javacpp.PointerTest.testPointerScope,68.0,3.0,0.2647058823529412,19.0,0.0,5,0.0,0,0.0,0.0,0.0,998.0,1461.0,5.0,13.0,156.0,144.0,82.0,4784.0,1203.0,10193.057851643453,0,0,0,0.0,367.0
71,javacpp,org.bytedeco.javacpp.PointerTest.testParseBytesWithRelativeUnits,14.0,3.0,0.07142857142857142,0.0,0.0,1,0.0,0,0.0,0.0,0.0,998.0,1461.0,5.0,13.0,156.0,144.0,82.0,4784.0,1203.0,10193.057851643453,0,0,0,0.0,367.0
71,javacpp,org.bytedeco.javacpp.indexer.HyperslabIndexTest.testIndexI,8.0,1.0,0.625,6.0,0.0,0,0.0,0,0.0,0.0,0.0,103.0,0.0,0.0,0.0,12.0,7.0,1.0,560.0,204.0,1290.8991038807558,0,0,0,0.0,0.0
71,javacpp,org.bytedeco.javacpp.indexer.HyperslabIndexTest.testIndexIJ,38.0,1.0,0.9210526315789473,36.0,0.0,0,0.0,0,0.0,0.0,0.0,103.0,0.0,0.0,0.0,12.0,7.0,1.0,560.0,204.0,1290.8991038807558,0,0,0,0.0,0.0
71,javacpp,org.bytedeco.javacpp.indexer.HyperslabIndexTest.testIndexIJK,6.0,1.0,0.5,4.0,0.0,0,0.0,0,0.0,0.0,0.0,103.0,0.0,0.0,0.0,12.0,7.0,1.0,560.0,204.0,1290.8991038807558,0,0,0,0.0,0.0
71,javacpp,org.bytedeco.javacpp.indexer.HyperslabIndexTest.testIndexIndices1D,8.0,1.0,0.625,6.0,0.0,0,0.0,0,0.0,0.0,0.0,103.0,0.0,0.0,0.0,12.0,7.0,1.0,560.0,204.0,1290.8991038807558,0,0,0,0.0,0.0
71,javacpp,org.bytedeco.javacpp.indexer.HyperslabIndexTest.testIndexIndices2D,38.0,1.0,0.9210526315789473,36.0,0.0,0,0.0,0,0.0,0.0,0.0,103.0,0.0,0.0,0.0,12.0,7.0,1.0,560.0,204.0,1290.8991038807558,0,0,0,0.0,0.0
71,javacpp,org.bytedeco.javacpp.indexer.HyperslabIndexTest.testIndexIndices3D,6.0,1.0,0.5,4.0,0.0,0,0.0,0,0.0,0.0,0.0,103.0,0.0,0.0,0.0,12.0,7.0,1.0,560.0,204.0,1290.8991038807558,0,0,0,0.0,0.0
