idProject,nameProject,testCase,tloc,tmcCabe,assertionDensity,assertionRoulette,mysteryGuest,eagerTest,sensitiveEquality,resourceOptimism,conditionalTestLogic,fireAndForget,testRunWar,loc,lcom2,lcom5,cbo,wmc,rfc,mpc,halsteadVocabulary,halsteadLength,halsteadVolume,classDataShouldBePrivate,complexClass,functionalDecomposition,godClass,spaghettiCode
42,karate(2ca51aca126d691d87c09f3b476cbbaef58881ca),com.intuit.karate.ConfigTest.testSettingVariableViaKarateConfig,8.0,2.0,0.0,0.0,2.0,0,0.0,0,1.0,0.0,0.0,433.0,976.0,1.0,5.0,92.0,61.0,12.0,464.0,237.0,1455.1526388776224,0,0,0,0.0,0.0
42,karate(2ca51aca126d691d87c09f3b476cbbaef58881ca),com.intuit.karate.FileUtilsTest.testIsClassPath,4.0,1.0,0.25,0.0,2.0,1,0.0,0,0.0,0.0,0.0,663.0,1635.0,5.0,33.0,190.0,276.0,217.0,3838.0,520.0,4291.407471815175,0,0,0,0.0,0.0
42,karate(2ca51aca126d691d87c09f3b476cbbaef58881ca),com.intuit.karate.FileUtilsTest.testIsFilePath,4.0,1.0,0.25,0.0,5.0,1,0.0,0,0.0,0.0,0.0,663.0,1635.0,5.0,33.0,190.0,276.0,217.0,3838.0,520.0,4291.407471815175,0,0,0,0.0,0.0
42,karate(2ca51aca126d691d87c09f3b476cbbaef58881ca),com.intuit.karate.FileUtilsTest.testIsThisPath,4.0,1.0,0.25,0.0,2.0,1,0.0,0,0.0,0.0,0.0,663.0,1635.0,5.0,33.0,190.0,276.0,217.0,3838.0,520.0,4291.407471815175,0,0,0,0.0,0.0
42,karate(2ca51aca126d691d87c09f3b476cbbaef58881ca),com.intuit.karate.FileUtilsTest.testIsJsonFile,4.0,1.0,0.25,0.0,5.0,1,0.0,0,0.0,0.0,0.0,663.0,1635.0,5.0,33.0,190.0,276.0,217.0,3838.0,520.0,4291.407471815175,0,0,0,0.0,0.0
42,karate(2ca51aca126d691d87c09f3b476cbbaef58881ca),com.intuit.karate.FileUtilsTest.testIsJavaScriptFile,4.0,1.0,0.25,0.0,5.0,1,0.0,0,0.0,0.0,0.0,663.0,1635.0,5.0,33.0,190.0,276.0,217.0,3838.0,520.0,4291.407471815175,0,0,0,0.0,0.0
42,karate(2ca51aca126d691d87c09f3b476cbbaef58881ca),com.intuit.karate.FileUtilsTest.testIsYamlFile,5.0,1.0,0.4,0.0,7.0,1,0.0,0,0.0,0.0,0.0,663.0,1635.0,5.0,33.0,190.0,276.0,217.0,3838.0,520.0,4291.407471815175,0,0,0,0.0,0.0
42,karate(2ca51aca126d691d87c09f3b476cbbaef58881ca),com.intuit.karate.FileUtilsTest.testIsXmlFile,4.0,1.0,0.25,0.0,5.0,1,0.0,0,0.0,0.0,0.0,663.0,1635.0,5.0,33.0,190.0,276.0,217.0,3838.0,520.0,4291.407471815175,0,0,0,0.0,0.0
42,karate(2ca51aca126d691d87c09f3b476cbbaef58881ca),com.intuit.karate.FileUtilsTest.testIsTextFile,4.0,1.0,0.25,0.0,5.0,1,0.0,0,0.0,0.0,0.0,663.0,1635.0,5.0,33.0,190.0,276.0,217.0,3838.0,520.0,4291.407471815175,0,0,0,0.0,0.0
42,karate(2ca51aca126d691d87c09f3b476cbbaef58881ca),com.intuit.karate.FileUtilsTest.testIsCsvFile,4.0,1.0,0.25,0.0,5.0,1,0.0,0,0.0,0.0,0.0,663.0,1635.0,5.0,33.0,190.0,276.0,217.0,3838.0,520.0,4291.407471815175,0,0,0,0.0,0.0
42,karate(2ca51aca126d691d87c09f3b476cbbaef58881ca),com.intuit.karate.FileUtilsTest.testIsGraphQlFile,5.0,1.0,0.4,0.0,7.0,1,0.0,0,0.0,0.0,0.0,663.0,1635.0,5.0,33.0,190.0,276.0,217.0,3838.0,520.0,4291.407471815175,0,0,0,0.0,0.0
42,karate(2ca51aca126d691d87c09f3b476cbbaef58881ca),com.intuit.karate.FileUtilsTest.testIsFeatureFile,4.0,1.0,0.25,0.0,5.0,1,0.0,0,0.0,0.0,0.0,663.0,1635.0,5.0,33.0,190.0,276.0,217.0,3838.0,520.0,4291.407471815175,0,0,0,0.0,0.0
42,karate(2ca51aca126d691d87c09f3b476cbbaef58881ca),com.intuit.karate.FileUtilsTest.testRemovePrefix,5.0,1.0,0.4,1.0,3.0,1,0.0,0,0.0,0.0,0.0,663.0,1635.0,5.0,33.0,190.0,276.0,217.0,3838.0,520.0,4291.407471815175,0,0,0,0.0,0.0
42,karate(2ca51aca126d691d87c09f3b476cbbaef58881ca),com.intuit.karate.FileUtilsTest.testToStringBytes,5.0,1.0,0.2,1.0,2.0,3,2.0,0,0.0,0.0,0.0,663.0,1635.0,5.0,33.0,190.0,276.0,217.0,3838.0,520.0,4291.407471815175,0,0,0,0.0,0.0
42,karate(2ca51aca126d691d87c09f3b476cbbaef58881ca),com.intuit.karate.FileUtilsTest.testToBytesString,5.0,1.0,0.2,1.0,2.0,2,0.0,0,0.0,0.0,0.0,663.0,1635.0,5.0,33.0,190.0,276.0,217.0,3838.0,520.0,4291.407471815175,0,0,0,0.0,0.0
42,karate(2ca51aca126d691d87c09f3b476cbbaef58881ca),com.intuit.karate.FileUtilsTest.testReplaceFileExtension,4.0,1.0,0.25,0.0,5.0,1,0.0,0,0.0,0.0,0.0,663.0,1635.0,5.0,33.0,190.0,276.0,217.0,3838.0,520.0,4291.407471815175,0,0,0,0.0,0.0
42,karate(2ca51aca126d691d87c09f3b476cbbaef58881ca),com.intuit.karate.FileUtilsTest.testWindowsFileNames,11.0,2.0,0.18181818181818182,0.0,4.0,1,0.0,0,3.0,0.0,0.0,663.0,1635.0,5.0,33.0,190.0,276.0,217.0,3838.0,520.0,4291.407471815175,0,0,0,0.0,0.0
42,karate(2ca51aca126d691d87c09f3b476cbbaef58881ca),com.intuit.karate.FileUtilsTest.testRenameZeroLengthFile,8.0,1.0,0.0,1.0,8.0,3,0.0,0,0.0,0.0,0.0,663.0,1635.0,5.0,33.0,190.0,276.0,217.0,3838.0,520.0,4291.407471815175,0,0,0,0.0,0.0
42,karate(2ca51aca126d691d87c09f3b476cbbaef58881ca),com.intuit.karate.FileUtilsTest.testScanFile,16.0,4.0,0.0625,2.0,4.0,3,0.0,0,2.0,0.0,0.0,663.0,1635.0,5.0,33.0,190.0,276.0,217.0,3838.0,520.0,4291.407471815175,0,0,0,0.0,0.0
42,karate(2ca51aca126d691d87c09f3b476cbbaef58881ca),com.intuit.karate.FileUtilsTest.testScanFileWithLineNumber,6.0,1.0,0.16666666666666666,2.0,3.0,3,0.0,0,0.0,0.0,0.0,663.0,1635.0,5.0,33.0,190.0,276.0,217.0,3838.0,520.0,4291.407471815175,0,0,0,0.0,0.0
42,karate(2ca51aca126d691d87c09f3b476cbbaef58881ca),com.intuit.karate.FileUtilsTest.testScanFilePath,5.0,1.0,0.0,1.0,3.0,3,0.0,0,0.0,0.0,0.0,663.0,1635.0,5.0,33.0,190.0,276.0,217.0,3838.0,520.0,4291.407471815175,0,0,0,0.0,0.0
42,karate(2ca51aca126d691d87c09f3b476cbbaef58881ca),com.intuit.karate.FileUtilsTest.testRelativePathForClass,3.0,1.0,0.0,0.0,1.0,2,0.0,0,0.0,0.0,0.0,663.0,1635.0,5.0,33.0,190.0,276.0,217.0,3838.0,520.0,4291.407471815175,0,0,0,0.0,0.0
42,karate(2ca51aca126d691d87c09f3b476cbbaef58881ca),com.intuit.karate.FileUtilsTest.testGetAllClasspaths,6.0,2.0,0.0,0.0,1.0,1,0.0,0,1.0,0.0,0.0,663.0,1635.0,5.0,33.0,190.0,276.0,217.0,3838.0,520.0,4291.407471815175,0,0,0,0.0,0.0
42,karate(2ca51aca126d691d87c09f3b476cbbaef58881ca),com.intuit.karate.FileUtilsTest.getJarClassLoader,5.0,3.0,0.0,1.0,2.0,0,0.0,0,0.0,0.0,0.0,663.0,1635.0,5.0,33.0,190.0,276.0,217.0,3838.0,520.0,4291.407471815175,0,0,0,0.0,0.0
42,karate(2ca51aca126d691d87c09f3b476cbbaef58881ca),com.intuit.karate.FileUtilsTest.testUsingKarateBase,14.0,3.0,0.0,1.0,1.0,2,0.0,0,0.0,0.0,0.0,663.0,1635.0,5.0,33.0,190.0,276.0,217.0,3838.0,520.0,4291.407471815175,0,0,0,0.0,0.0
42,karate(2ca51aca126d691d87c09f3b476cbbaef58881ca),com.intuit.karate.IdeUtilsTest.testExtractingFeaturePathFromCommandLine,14.0,1.0,0.35714285714285715,2.0,0.0,1,0.0,0,0.0,0.0,0.0,174.0,21.0,0.0,15.0,22.0,66.0,59.0,854.0,203.0,1370.2360323390797,0,0,0,0.0,0.0
42,karate(2ca51aca126d691d87c09f3b476cbbaef58881ca),com.intuit.karate.JsonTest.testJson,12.0,1.0,0.0,0.0,0.0,7,0.0,0,0.0,0.0,0.0,127.0,71.0,7.0,3.0,34.0,43.0,24.0,331.0,91.0,527.9927721593127,0,0,0,0.0,0.0
42,karate(2ca51aca126d691d87c09f3b476cbbaef58881ca),com.intuit.karate.JsonUtilsTest.testNonStrictJsonParsing,7.0,1.0,0.0,0.0,0.0,2,0.0,0,0.0,0.0,0.0,445.0,406.0,28.0,31.0,75.0,116.0,87.0,2364.0,348.0,2703.302411727044,0,0,0,0.0,0.0
42,karate(2ca51aca126d691d87c09f3b476cbbaef58881ca),com.intuit.karate.JsonUtilsTest.testJsonArrayAsRoot,6.0,1.0,0.0,1.0,0.0,2,0.0,0,0.0,0.0,0.0,445.0,406.0,28.0,31.0,75.0,116.0,87.0,2364.0,348.0,2703.302411727044,0,0,0,0.0,0.0
42,karate(2ca51aca126d691d87c09f3b476cbbaef58881ca),com.intuit.karate.JsonUtilsTest.testJsonChunkByPath,7.0,1.0,0.0,0.0,0.0,2,0.0,0,0.0,0.0,0.0,445.0,406.0,28.0,31.0,75.0,116.0,87.0,2364.0,348.0,2703.302411727044,0,0,0,0.0,0.0
42,karate(2ca51aca126d691d87c09f3b476cbbaef58881ca),com.intuit.karate.JsonUtilsTest.testMapToJson,10.0,1.0,0.0,0.0,0.0,0,0.0,0,0.0,0.0,0.0,445.0,406.0,28.0,31.0,75.0,116.0,87.0,2364.0,348.0,2703.302411727044,0,0,0,0.0,0.0
42,karate(2ca51aca126d691d87c09f3b476cbbaef58881ca),com.intuit.karate.JsonUtilsTest.testSetByPath,30.0,1.0,0.3,0.0,0.0,4,0.0,0,0.0,0.0,0.0,445.0,406.0,28.0,31.0,75.0,116.0,87.0,2364.0,348.0,2703.302411727044,0,0,0,0.0,0.0
42,karate(2ca51aca126d691d87c09f3b476cbbaef58881ca),com.intuit.karate.JsonUtilsTest.testParsingParentAndLeafName,13.0,1.0,0.7692307692307693,0.0,0.0,1,0.0,0,0.0,0.0,0.0,445.0,406.0,28.0,31.0,75.0,116.0,87.0,2364.0,348.0,2703.302411727044,0,0,0,0.0,0.0
42,karate(2ca51aca126d691d87c09f3b476cbbaef58881ca),com.intuit.karate.JsonUtilsTest.testParsingYaml,5.0,1.0,0.0,0.0,0.0,1,0.0,0,0.0,0.0,0.0,445.0,406.0,28.0,31.0,75.0,116.0,87.0,2364.0,348.0,2703.302411727044,0,0,0,0.0,0.0
42,karate(2ca51aca126d691d87c09f3b476cbbaef58881ca),com.intuit.karate.JsonUtilsTest.testYamlToMutation,6.0,2.0,0.0,0.0,1.0,1,0.0,0,0.0,0.0,0.0,445.0,406.0,28.0,31.0,75.0,116.0,87.0,2364.0,348.0,2703.302411727044,0,0,0,0.0,0.0
42,karate(2ca51aca126d691d87c09f3b476cbbaef58881ca),com.intuit.karate.JsonUtilsTest.testPrettyPrint,7.0,1.0,0.0,1.0,0.0,3,0.0,0,0.0,0.0,0.0,445.0,406.0,28.0,31.0,75.0,116.0,87.0,2364.0,348.0,2703.302411727044,0,0,0,0.0,0.0
42,karate(2ca51aca126d691d87c09f3b476cbbaef58881ca),com.intuit.karate.JsonUtilsTest.testPojoConversion,21.0,1.0,0.23809523809523808,3.0,0.0,3,0.0,0,0.0,0.0,0.0,445.0,406.0,28.0,31.0,75.0,116.0,87.0,2364.0,348.0,2703.302411727044,0,0,0,0.0,0.0
42,karate(2ca51aca126d691d87c09f3b476cbbaef58881ca),com.intuit.karate.JsonUtilsTest.testEmptyJsonObject,5.0,1.0,0.0,0.0,0.0,1,0.0,0,0.0,0.0,0.0,445.0,406.0,28.0,31.0,75.0,116.0,87.0,2364.0,348.0,2703.302411727044,0,0,0,0.0,0.0
42,karate(2ca51aca126d691d87c09f3b476cbbaef58881ca),com.intuit.karate.JsonUtilsTest.testEmptyJsonArray,11.0,1.0,0.18181818181818182,0.0,0.0,1,0.0,0,0.0,0.0,0.0,445.0,406.0,28.0,31.0,75.0,116.0,87.0,2364.0,348.0,2703.302411727044,0,0,0,0.0,0.0
42,karate(2ca51aca126d691d87c09f3b476cbbaef58881ca),com.intuit.karate.JsonUtilsTest.testWriteJsonWithByteArrayValueWillFail,12.0,2.0,0.0,1.0,0.0,1,0.0,0,0.0,0.0,0.0,445.0,406.0,28.0,31.0,75.0,116.0,87.0,2364.0,348.0,2703.302411727044,0,0,0,0.0,0.0
42,karate(2ca51aca126d691d87c09f3b476cbbaef58881ca),com.intuit.karate.JsonUtilsTest.testCsv,5.0,1.0,0.0,0.0,2.0,1,0.0,0,0.0,0.0,0.0,445.0,406.0,28.0,31.0,75.0,116.0,87.0,2364.0,348.0,2703.302411727044,0,0,0,0.0,0.0
42,karate(2ca51aca126d691d87c09f3b476cbbaef58881ca),com.intuit.karate.MatchStepTest.test,7.0,1.0,0.42857142857142855,4.0,0.0,0,0.0,0,0.0,0.0,0.0,146.0,3.0,0.0,1.0,12.0,12.0,9.0,831.0,164.0,1102.5112863562936,0,0,0,0.0,0.0
42,karate(2ca51aca126d691d87c09f3b476cbbaef58881ca),com.intuit.karate.MatchStepTest.testMatchStep,17.0,1.0,0.0,0.0,0.0,0,0.0,0,0.0,0.0,0.0,146.0,3.0,0.0,1.0,12.0,12.0,9.0,831.0,164.0,1102.5112863562936,0,0,0,0.0,0.0
42,karate(2ca51aca126d691d87c09f3b476cbbaef58881ca),com.intuit.karate.MatchTest.testSomeMatches,11.0,1.0,0.0,0.0,0.0,16,0.0,0,0.0,0.0,0.0,297.0,448.0,29.0,9.0,99.0,110.0,61.0,975.0,192.0,1321.4279944315867,0,0,0,0.0,0.0
42,karate(2ca51aca126d691d87c09f3b476cbbaef58881ca),com.intuit.karate.MatchTest.testJson,4.0,1.0,0.0,0.0,0.0,0,0.0,0,0.0,0.0,0.0,297.0,448.0,29.0,9.0,99.0,110.0,61.0,975.0,192.0,1321.4279944315867,0,0,0,0.0,0.0
42,karate(2ca51aca126d691d87c09f3b476cbbaef58881ca),com.intuit.karate.MatchTest.testXml,4.0,1.0,0.0,0.0,0.0,4,0.0,0,0.0,0.0,0.0,297.0,448.0,29.0,9.0,99.0,110.0,61.0,975.0,192.0,1321.4279944315867,0,0,0,0.0,0.0
42,karate(2ca51aca126d691d87c09f3b476cbbaef58881ca),com.intuit.karate.MatchTest.testString,5.0,1.0,0.0,0.0,0.0,3,0.0,0,0.0,0.0,0.0,297.0,448.0,29.0,9.0,99.0,110.0,61.0,975.0,192.0,1321.4279944315867,0,0,0,0.0,0.0
42,karate(2ca51aca126d691d87c09f3b476cbbaef58881ca),com.intuit.karate.RunnerOptionsTest.testArgs,18.0,1.0,0.6111111111111112,8.0,0.0,1,0.0,0,0.0,0.0,0.0,160.0,10.0,0.0,9.0,25.0,30.0,22.0,591.0,138.0,880.6906104020416,0,0,0,0.0,0.0
42,karate(2ca51aca126d691d87c09f3b476cbbaef58881ca),com.intuit.karate.RunnerOptionsTest.testParsingCommandLine,10.0,1.0,0.5,3.0,0.0,4,0.0,0,0.0,0.0,0.0,160.0,10.0,0.0,9.0,25.0,30.0,22.0,591.0,138.0,880.6906104020416,0,0,0,0.0,0.0
42,karate(2ca51aca126d691d87c09f3b476cbbaef58881ca),com.intuit.karate.RunnerTest.contains,4.0,2.0,0.0,0.0,2.0,0,0.0,0,0.0,0.0,0.0,196.0,55.0,0.0,20.0,23.0,40.0,29.0,366.0,100.0,590.2633333401366,0,0,0,0.0,0.0
42,karate(2ca51aca126d691d87c09f3b476cbbaef58881ca),com.intuit.karate.RunnerTest.resultXml,6.0,2.0,0.0,0.0,2.0,0,0.0,1,0.0,0.0,0.0,196.0,55.0,0.0,20.0,23.0,40.0,29.0,366.0,100.0,590.2633333401366,0,0,0,0.0,0.0
42,karate(2ca51aca126d691d87c09f3b476cbbaef58881ca),com.intuit.karate.RunnerTest.testScenario,4.0,2.0,0.0,0.0,0.0,0,0.0,0,0.0,0.0,0.0,196.0,55.0,0.0,20.0,23.0,40.0,29.0,366.0,100.0,590.2633333401366,0,0,0,0.0,0.0
42,karate(2ca51aca126d691d87c09f3b476cbbaef58881ca),com.intuit.karate.RunnerTest.testScenarioOutline,4.0,2.0,0.0,0.0,0.0,0,0.0,0,0.0,0.0,0.0,196.0,55.0,0.0,20.0,23.0,40.0,29.0,366.0,100.0,590.2633333401366,0,0,0,0.0,0.0
42,karate(2ca51aca126d691d87c09f3b476cbbaef58881ca),com.intuit.karate.RunnerTest.testParallel,12.0,1.0,0.8333333333333334,2.0,0.0,6,0.0,0,0.0,0.0,0.0,196.0,55.0,0.0,20.0,23.0,40.0,29.0,366.0,100.0,590.2633333401366,0,0,0,0.0,0.0
42,karate(2ca51aca126d691d87c09f3b476cbbaef58881ca),com.intuit.karate.RunnerTest.testRunningFeatureFromJavaApi,7.0,1.0,0.2857142857142857,0.0,0.0,4,0.0,0,0.0,0.0,0.0,196.0,55.0,0.0,20.0,23.0,40.0,29.0,366.0,100.0,590.2633333401366,0,0,0,0.0,0.0
42,karate(2ca51aca126d691d87c09f3b476cbbaef58881ca),com.intuit.karate.RunnerTest.testRunningRelativePathFeatureFromJavaApi,6.0,1.0,0.3333333333333333,0.0,0.0,4,0.0,0,0.0,0.0,0.0,196.0,55.0,0.0,20.0,23.0,40.0,29.0,366.0,100.0,590.2633333401366,0,0,0,0.0,0.0
42,karate(2ca51aca126d691d87c09f3b476cbbaef58881ca),com.intuit.karate.RunnerTest.testCallerArg,5.0,2.0,0.2,0.0,0.0,0,0.0,0,0.0,0.0,0.0,196.0,55.0,0.0,20.0,23.0,40.0,29.0,366.0,100.0,590.2633333401366,0,0,0,0.0,0.0
42,karate(2ca51aca126d691d87c09f3b476cbbaef58881ca),com.intuit.karate.ScriptTest.getContext,6.0,3.0,0.0,0.0,2.0,0,0.0,0,1.0,0.0,0.0,1938.0,2848.0,6.0,46.0,270.0,536.0,460.0,4871.0,1476.0,12532.796491898456,0,270,0,0.0,1237.0
42,karate(2ca51aca126d691d87c09f3b476cbbaef58881ca),com.intuit.karate.ScriptTest.matchJsonObject,3.0,2.0,0.0,0.0,0.0,0,0.0,0,0.0,0.0,0.0,1938.0,2848.0,6.0,46.0,270.0,536.0,460.0,4871.0,1476.0,12532.796491898456,0,270,0,0.0,1237.0
42,karate(2ca51aca126d691d87c09f3b476cbbaef58881ca),com.intuit.karate.ScriptTest.testParsingTextType,9.0,2.0,0.6666666666666666,0.0,0.0,4,0.0,0,0.0,0.0,0.0,1938.0,2848.0,6.0,46.0,270.0,536.0,460.0,4871.0,1476.0,12532.796491898456,0,270,0,0.0,1237.0
42,karate(2ca51aca126d691d87c09f3b476cbbaef58881ca),com.intuit.karate.ScriptTest.testEvalPrimitives,13.0,1.0,0.23076923076923078,3.0,0.0,2,0.0,0,0.0,0.0,0.0,1938.0,2848.0,6.0,46.0,270.0,536.0,460.0,4871.0,1476.0,12532.796491898456,0,270,0,0.0,1237.0
42,karate(2ca51aca126d691d87c09f3b476cbbaef58881ca),com.intuit.karate.ScriptTest.testEvalMapsAndLists,18.0,1.0,0.16666666666666666,3.0,0.0,2,0.0,0,0.0,0.0,0.0,1938.0,2848.0,6.0,46.0,270.0,536.0,460.0,4871.0,1476.0,12532.796491898456,0,270,0,0.0,1237.0
42,karate(2ca51aca126d691d87c09f3b476cbbaef58881ca),com.intuit.karate.ScriptTest.testEvalJsonDocuments,11.0,1.0,0.18181818181818182,1.0,0.0,3,0.0,0,0.0,0.0,0.0,1938.0,2848.0,6.0,46.0,270.0,536.0,460.0,4871.0,1476.0,12532.796491898456,0,270,0,0.0,1237.0
42,karate(2ca51aca126d691d87c09f3b476cbbaef58881ca),com.intuit.karate.ScriptTest.testEvalXmlDocuments,7.0,1.0,0.0,0.0,0.0,3,0.0,0,0.0,0.0,0.0,1938.0,2848.0,6.0,46.0,270.0,536.0,460.0,4871.0,1476.0,12532.796491898456,0,270,0,0.0,1237.0
42,karate(2ca51aca126d691d87c09f3b476cbbaef58881ca),com.intuit.karate.ScriptTest.testAssignXmlWithLineBreaksAndMatchJson,9.0,1.0,0.3333333333333333,1.0,0.0,4,0.0,0,0.0,0.0,0.0,1938.0,2848.0,6.0,46.0,270.0,536.0,460.0,4871.0,1476.0,12532.796491898456,0,270,0,0.0,1237.0
42,karate(2ca51aca126d691d87c09f3b476cbbaef58881ca),com.intuit.karate.ScriptTest.testAssignXmlWithLineBreaksAndNullElements,8.0,1.0,0.125,1.0,0.0,3,0.0,0,0.0,0.0,0.0,1938.0,2848.0,6.0,46.0,270.0,536.0,460.0,4871.0,1476.0,12532.796491898456,0,270,0,0.0,1237.0
42,karate(2ca51aca126d691d87c09f3b476cbbaef58881ca),com.intuit.karate.ScriptTest.testJsonPathOnVarsByName,17.0,1.0,0.29411764705882354,4.0,0.0,3,0.0,0,0.0,0.0,0.0,1938.0,2848.0,6.0,46.0,270.0,536.0,460.0,4871.0,1476.0,12532.796491898456,0,270,0,0.0,1237.0
42,karate(2ca51aca126d691d87c09f3b476cbbaef58881ca),com.intuit.karate.ScriptTest.testXmlPathOnVarsByName,10.0,1.0,0.2,1.0,0.0,3,0.0,0,0.0,0.0,0.0,1938.0,2848.0,6.0,46.0,270.0,536.0,460.0,4871.0,1476.0,12532.796491898456,0,270,0,0.0,1237.0
42,karate(2ca51aca126d691d87c09f3b476cbbaef58881ca),com.intuit.karate.ScriptTest.testEvalXmlEmbeddedExpressions,11.0,1.0,0.09090909090909091,1.0,0.0,3,0.0,0,0.0,0.0,0.0,1938.0,2848.0,6.0,46.0,270.0,536.0,460.0,4871.0,1476.0,12532.796491898456,0,270,0,0.0,1237.0
42,karate(2ca51aca126d691d87c09f3b476cbbaef58881ca),com.intuit.karate.ScriptTest.testEvalXmlEmbeddedExpressionsThatReturnChunks,6.0,1.0,0.0,0.0,0.0,3,0.0,0,0.0,0.0,0.0,1938.0,2848.0,6.0,46.0,270.0,536.0,460.0,4871.0,1476.0,12532.796491898456,0,270,0,0.0,1237.0
42,karate(2ca51aca126d691d87c09f3b476cbbaef58881ca),com.intuit.karate.ScriptTest.testEvalXmlEmbeddedExpressionsThatReturnNull,7.0,1.0,0.14285714285714285,0.0,0.0,3,0.0,0,0.0,0.0,0.0,1938.0,2848.0,6.0,46.0,270.0,536.0,460.0,4871.0,1476.0,12532.796491898456,0,270,0,0.0,1237.0
42,karate(2ca51aca126d691d87c09f3b476cbbaef58881ca),com.intuit.karate.ScriptTest.testEvalXmlEmbeddedExpressionsInAttributes,10.0,1.0,0.0,0.0,0.0,2,0.0,0,0.0,0.0,0.0,1938.0,2848.0,6.0,46.0,270.0,536.0,460.0,4871.0,1476.0,12532.796491898456,0,270,0,0.0,1237.0
42,karate(2ca51aca126d691d87c09f3b476cbbaef58881ca),com.intuit.karate.ScriptTest.testEvalXmlEmbeddedOptionalExpressionsInAttributes,6.0,1.0,0.0,0.0,0.0,3,0.0,0,0.0,0.0,0.0,1938.0,2848.0,6.0,46.0,270.0,536.0,460.0,4871.0,1476.0,12532.796491898456,0,270,0,0.0,1237.0
42,karate(2ca51aca126d691d87c09f3b476cbbaef58881ca),com.intuit.karate.ScriptTest.testEvalXmlEmbeddedOptionalExpressions,6.0,1.0,0.0,0.0,0.0,3,0.0,0,0.0,0.0,0.0,1938.0,2848.0,6.0,46.0,270.0,536.0,460.0,4871.0,1476.0,12532.796491898456,0,270,0,0.0,1237.0
42,karate(2ca51aca126d691d87c09f3b476cbbaef58881ca),com.intuit.karate.ScriptTest.testEvalJsonEmbeddedExpressions,11.0,1.0,0.09090909090909091,2.0,0.0,4,0.0,0,0.0,0.0,0.0,1938.0,2848.0,6.0,46.0,270.0,536.0,460.0,4871.0,1476.0,12532.796491898456,0,270,0,0.0,1237.0
42,karate(2ca51aca126d691d87c09f3b476cbbaef58881ca),com.intuit.karate.ScriptTest.testEvalEmbeddedExpressionsWithJsonPath,11.0,1.0,0.0,0.0,0.0,3,0.0,0,0.0,0.0,0.0,1938.0,2848.0,6.0,46.0,270.0,536.0,460.0,4871.0,1476.0,12532.796491898456,0,270,0,0.0,1237.0
42,karate(2ca51aca126d691d87c09f3b476cbbaef58881ca),com.intuit.karate.ScriptTest.testEvalEmbeddedExpressionsWithJsonPathsWhichAreTricky,6.0,1.0,0.0,0.0,0.0,3,0.0,0,0.0,0.0,0.0,1938.0,2848.0,6.0,46.0,270.0,536.0,460.0,4871.0,1476.0,12532.796491898456,0,270,0,0.0,1237.0
42,karate(2ca51aca126d691d87c09f3b476cbbaef58881ca),com.intuit.karate.ScriptTest.testEvalEmbeddedOptionalExpressions,6.0,1.0,0.0,0.0,0.0,3,0.0,0,0.0,0.0,0.0,1938.0,2848.0,6.0,46.0,270.0,536.0,460.0,4871.0,1476.0,12532.796491898456,0,270,0,0.0,1237.0
42,karate(2ca51aca126d691d87c09f3b476cbbaef58881ca),com.intuit.karate.ScriptTest.testVariableNameValidation,16.0,1.0,0.8125,0.0,0.0,1,0.0,0,0.0,0.0,0.0,1938.0,2848.0,6.0,46.0,270.0,536.0,460.0,4871.0,1476.0,12532.796491898456,0,270,0,0.0,1237.0
42,karate(2ca51aca126d691d87c09f3b476cbbaef58881ca),com.intuit.karate.ScriptTest.testMatchMapObjects,35.0,1.0,0.22857142857142856,9.0,0.0,0,0.0,0,0.0,0.0,0.0,1938.0,2848.0,6.0,46.0,270.0,536.0,460.0,4871.0,1476.0,12532.796491898456,0,270,0,0.0,1237.0
42,karate(2ca51aca126d691d87c09f3b476cbbaef58881ca),com.intuit.karate.ScriptTest.testMatchListObjects,11.0,1.0,0.0,1.0,0.0,0,0.0,0,0.0,0.0,0.0,1938.0,2848.0,6.0,46.0,270.0,536.0,460.0,4871.0,1476.0,12532.796491898456,0,270,0,0.0,1237.0
42,karate(2ca51aca126d691d87c09f3b476cbbaef58881ca),com.intuit.karate.ScriptTest.testMatchJsonPath,10.0,1.0,0.3,0.0,0.0,1,0.0,0,0.0,0.0,0.0,1938.0,2848.0,6.0,46.0,270.0,536.0,460.0,4871.0,1476.0,12532.796491898456,0,270,0,0.0,1237.0
42,karate(2ca51aca126d691d87c09f3b476cbbaef58881ca),com.intuit.karate.ScriptTest.testMatchJsonPathThatReturnsList,9.0,1.0,0.1111111111111111,0.0,0.0,3,0.0,0,0.0,0.0,0.0,1938.0,2848.0,6.0,46.0,270.0,536.0,460.0,4871.0,1476.0,12532.796491898456,0,270,0,0.0,1237.0
42,karate(2ca51aca126d691d87c09f3b476cbbaef58881ca),com.intuit.karate.ScriptTest.testMatchJsonPathOnLeftHandSide,6.0,1.0,0.0,0.0,0.0,3,0.0,0,0.0,0.0,0.0,1938.0,2848.0,6.0,46.0,270.0,536.0,460.0,4871.0,1476.0,12532.796491898456,0,270,0,0.0,1237.0
42,karate(2ca51aca126d691d87c09f3b476cbbaef58881ca),com.intuit.karate.ScriptTest.testMatchAllJsonPath,20.0,1.0,0.65,0.0,0.0,1,0.0,0,0.0,0.0,0.0,1938.0,2848.0,6.0,46.0,270.0,536.0,460.0,4871.0,1476.0,12532.796491898456,0,270,0,0.0,1237.0
42,karate(2ca51aca126d691d87c09f3b476cbbaef58881ca),com.intuit.karate.ScriptTest.testMatchNotEquals,40.0,1.0,0.725,0.0,0.0,3,0.0,0,0.0,0.0,0.0,1938.0,2848.0,6.0,46.0,270.0,536.0,460.0,4871.0,1476.0,12532.796491898456,0,270,0,0.0,1237.0
42,karate(2ca51aca126d691d87c09f3b476cbbaef58881ca),com.intuit.karate.ScriptTest.testMatchJsonObjectReturnedFromJs,8.0,2.0,0.125,0.0,0.0,3,0.0,0,0.0,0.0,0.0,1938.0,2848.0,6.0,46.0,270.0,536.0,460.0,4871.0,1476.0,12532.796491898456,0,270,0,0.0,1237.0
42,karate(2ca51aca126d691d87c09f3b476cbbaef58881ca),com.intuit.karate.ScriptTest.testMatchJsonArrayReturnedFromJs,8.0,2.0,0.125,0.0,0.0,3,0.0,0,0.0,0.0,0.0,1938.0,2848.0,6.0,46.0,270.0,536.0,460.0,4871.0,1476.0,12532.796491898456,0,270,0,0.0,1237.0
42,karate(2ca51aca126d691d87c09f3b476cbbaef58881ca),com.intuit.karate.ScriptTest.testMatchJsonPathOnResponse,7.0,1.0,0.14285714285714285,0.0,0.0,1,0.0,0,0.0,0.0,0.0,1938.0,2848.0,6.0,46.0,270.0,536.0,460.0,4871.0,1476.0,12532.796491898456,0,270,0,0.0,1237.0
42,karate(2ca51aca126d691d87c09f3b476cbbaef58881ca),com.intuit.karate.ScriptTest.testMatchTwoJsonDocsWithIgnores,9.0,1.0,0.0,0.0,0.0,1,0.0,0,0.0,0.0,0.0,1938.0,2848.0,6.0,46.0,270.0,536.0,460.0,4871.0,1476.0,12532.796491898456,0,270,0,0.0,1237.0
42,karate(2ca51aca126d691d87c09f3b476cbbaef58881ca),com.intuit.karate.ScriptTest.testMatchXmlPathThatReturnsTextNode,8.0,1.0,0.125,0.0,0.0,2,0.0,0,0.0,0.0,0.0,1938.0,2848.0,6.0,46.0,270.0,536.0,460.0,4871.0,1476.0,12532.796491898456,0,270,0,0.0,1237.0
42,karate(2ca51aca126d691d87c09f3b476cbbaef58881ca),com.intuit.karate.ScriptTest.testMatchXmlPathThatReturnsXmlChunk,7.0,1.0,0.0,0.0,0.0,2,0.0,0,0.0,0.0,0.0,1938.0,2848.0,6.0,46.0,270.0,536.0,460.0,4871.0,1476.0,12532.796491898456,0,270,0,0.0,1237.0
42,karate(2ca51aca126d691d87c09f3b476cbbaef58881ca),com.intuit.karate.ScriptTest.testMatchXmlPathThatReturnsNull,5.0,1.0,0.0,0.0,0.0,3,0.0,0,0.0,0.0,0.0,1938.0,2848.0,6.0,46.0,270.0,536.0,460.0,4871.0,1476.0,12532.796491898456,0,270,0,0.0,1237.0
42,karate(2ca51aca126d691d87c09f3b476cbbaef58881ca),com.intuit.karate.ScriptTest.testMatchXmlEmptyAndNotPresent,11.0,1.0,0.5454545454545454,0.0,0.0,3,0.0,0,0.0,0.0,0.0,1938.0,2848.0,6.0,46.0,270.0,536.0,460.0,4871.0,1476.0,12532.796491898456,0,270,0,0.0,1237.0
42,karate(2ca51aca126d691d87c09f3b476cbbaef58881ca),com.intuit.karate.ScriptTest.testJsonEmptyAndNotPresent,14.0,1.0,0.6428571428571429,0.0,0.0,3,0.0,0,0.0,0.0,0.0,1938.0,2848.0,6.0,46.0,270.0,536.0,460.0,4871.0,1476.0,12532.796491898456,0,270,0,0.0,1237.0
42,karate(2ca51aca126d691d87c09f3b476cbbaef58881ca),com.intuit.karate.ScriptTest.testAssignAndMatchXmlText,6.0,1.0,0.16666666666666666,0.0,0.0,3,0.0,0,0.0,0.0,0.0,1938.0,2848.0,6.0,46.0,270.0,536.0,460.0,4871.0,1476.0,12532.796491898456,0,270,0,0.0,1237.0
42,karate(2ca51aca126d691d87c09f3b476cbbaef58881ca),com.intuit.karate.ScriptTest.testAssignAndMatchXmlChunk,6.0,1.0,0.0,0.0,0.0,3,0.0,0,0.0,0.0,0.0,1938.0,2848.0,6.0,46.0,270.0,536.0,460.0,4871.0,1476.0,12532.796491898456,0,270,0,0.0,1237.0
42,karate(2ca51aca126d691d87c09f3b476cbbaef58881ca),com.intuit.karate.ScriptTest.testAssignAndMatchXmlChunkByVariableReference,7.0,1.0,0.0,0.0,0.0,3,0.0,0,0.0,0.0,0.0,1938.0,2848.0,6.0,46.0,270.0,536.0,460.0,4871.0,1476.0,12532.796491898456,0,270,0,0.0,1237.0
42,karate(2ca51aca126d691d87c09f3b476cbbaef58881ca),com.intuit.karate.ScriptTest.testAssignAndMatchXmlPathChunk,5.0,1.0,0.0,0.0,0.0,3,0.0,0,0.0,0.0,0.0,1938.0,2848.0,6.0,46.0,270.0,536.0,460.0,4871.0,1476.0,12532.796491898456,0,270,0,0.0,1237.0
42,karate(2ca51aca126d691d87c09f3b476cbbaef58881ca),com.intuit.karate.ScriptTest.testAssignAndMatchXmlPathThatReturnsNodeListAgainstJsonArray,5.0,1.0,0.0,0.0,0.0,3,0.0,0,0.0,0.0,0.0,1938.0,2848.0,6.0,46.0,270.0,536.0,460.0,4871.0,1476.0,12532.796491898456,0,270,0,0.0,1237.0
42,karate(2ca51aca126d691d87c09f3b476cbbaef58881ca),com.intuit.karate.ScriptTest.testAssignAndMatchXmlPathThatReturnsNodeListAgainstList,7.0,1.0,0.0,0.0,0.0,3,0.0,0,0.0,0.0,0.0,1938.0,2848.0,6.0,46.0,270.0,536.0,460.0,4871.0,1476.0,12532.796491898456,0,270,0,0.0,1237.0
42,karate(2ca51aca126d691d87c09f3b476cbbaef58881ca),com.intuit.karate.ScriptTest.testMatchXmlPathAutoConvertingFromMap,6.0,1.0,0.0,0.0,0.0,3,0.0,0,0.0,0.0,0.0,1938.0,2848.0,6.0,46.0,270.0,536.0,460.0,4871.0,1476.0,12532.796491898456,0,270,0,0.0,1237.0
42,karate(2ca51aca126d691d87c09f3b476cbbaef58881ca),com.intuit.karate.ScriptTest.testEvalXmlPathAutoConvertingFromMap,9.0,1.0,0.1111111111111111,0.0,0.0,3,0.0,0,0.0,0.0,0.0,1938.0,2848.0,6.0,46.0,270.0,536.0,460.0,4871.0,1476.0,12532.796491898456,0,270,0,0.0,1237.0
42,karate(2ca51aca126d691d87c09f3b476cbbaef58881ca),com.intuit.karate.ScriptTest.testAssignXmlPathThatReturnsListThenMatch,10.0,1.0,0.2,0.0,0.0,3,0.0,0,0.0,0.0,0.0,1938.0,2848.0,6.0,46.0,270.0,536.0,460.0,4871.0,1476.0,12532.796491898456,0,270,0,0.0,1237.0
42,karate(2ca51aca126d691d87c09f3b476cbbaef58881ca),com.intuit.karate.ScriptTest.testRunningJsonPathOnStringAutoConvertsStringToJson,8.0,1.0,0.125,0.0,0.0,3,0.0,0,0.0,0.0,0.0,1938.0,2848.0,6.0,46.0,270.0,536.0,460.0,4871.0,1476.0,12532.796491898456,0,270,0,0.0,1237.0
42,karate(2ca51aca126d691d87c09f3b476cbbaef58881ca),com.intuit.karate.ScriptTest.testCastJsonToString,8.0,1.0,0.125,1.0,0.0,2,0.0,0,0.0,0.0,0.0,1938.0,2848.0,6.0,46.0,270.0,536.0,460.0,4871.0,1476.0,12532.796491898456,0,270,0,0.0,1237.0
42,karate(2ca51aca126d691d87c09f3b476cbbaef58881ca),com.intuit.karate.ScriptTest.testCastStringToJson,8.0,1.0,0.125,1.0,0.0,2,0.0,0,0.0,0.0,0.0,1938.0,2848.0,6.0,46.0,270.0,536.0,460.0,4871.0,1476.0,12532.796491898456,0,270,0,0.0,1237.0
42,karate(2ca51aca126d691d87c09f3b476cbbaef58881ca),com.intuit.karate.ScriptTest.testCastJsonToXml,8.0,1.0,0.125,1.0,0.0,2,0.0,0,0.0,0.0,0.0,1938.0,2848.0,6.0,46.0,270.0,536.0,460.0,4871.0,1476.0,12532.796491898456,0,270,0,0.0,1237.0
42,karate(2ca51aca126d691d87c09f3b476cbbaef58881ca),com.intuit.karate.ScriptTest.testCastStringToXml,8.0,1.0,0.125,1.0,0.0,2,0.0,0,0.0,0.0,0.0,1938.0,2848.0,6.0,46.0,270.0,536.0,460.0,4871.0,1476.0,12532.796491898456,0,270,0,0.0,1237.0
42,karate(2ca51aca126d691d87c09f3b476cbbaef58881ca),com.intuit.karate.ScriptTest.testCastXmlToString,8.0,1.0,0.125,1.0,0.0,2,0.0,0,0.0,0.0,0.0,1938.0,2848.0,6.0,46.0,270.0,536.0,460.0,4871.0,1476.0,12532.796491898456,0,270,0,0.0,1237.0
42,karate(2ca51aca126d691d87c09f3b476cbbaef58881ca),com.intuit.karate.ScriptTest.testCastPojoToJson,6.0,1.0,0.0,0.0,0.0,3,0.0,0,0.0,0.0,0.0,1938.0,2848.0,6.0,46.0,270.0,536.0,460.0,4871.0,1476.0,12532.796491898456,0,270,0,0.0,1237.0
42,karate(2ca51aca126d691d87c09f3b476cbbaef58881ca),com.intuit.karate.ScriptTest.testCastPojoToXml,6.0,1.0,0.0,0.0,0.0,3,0.0,0,0.0,0.0,0.0,1938.0,2848.0,6.0,46.0,270.0,536.0,460.0,4871.0,1476.0,12532.796491898456,0,270,0,0.0,1237.0
42,karate(2ca51aca126d691d87c09f3b476cbbaef58881ca),com.intuit.karate.ScriptTest.testXmlShortCutsForResponse,8.0,1.0,0.375,0.0,0.0,3,0.0,0,0.0,0.0,0.0,1938.0,2848.0,6.0,46.0,270.0,536.0,460.0,4871.0,1476.0,12532.796491898456,0,270,0,0.0,1237.0
42,karate(2ca51aca126d691d87c09f3b476cbbaef58881ca),com.intuit.karate.ScriptTest.testMatchXmlButUsingJsonPath,7.0,1.0,0.14285714285714285,0.0,0.0,2,0.0,0,0.0,0.0,0.0,1938.0,2848.0,6.0,46.0,270.0,536.0,460.0,4871.0,1476.0,12532.796491898456,0,270,0,0.0,1237.0
42,karate(2ca51aca126d691d87c09f3b476cbbaef58881ca),com.intuit.karate.ScriptTest.testXmlStringConversion,7.0,1.0,0.14285714285714285,0.0,0.0,3,0.0,0,0.0,0.0,0.0,1938.0,2848.0,6.0,46.0,270.0,536.0,460.0,4871.0,1476.0,12532.796491898456,0,270,0,0.0,1237.0
42,karate(2ca51aca126d691d87c09f3b476cbbaef58881ca),com.intuit.karate.ScriptTest.testXmlStringConversionInJs,8.0,1.0,0.125,0.0,0.0,3,0.0,0,0.0,0.0,0.0,1938.0,2848.0,6.0,46.0,270.0,536.0,460.0,4871.0,1476.0,12532.796491898456,0,270,0,0.0,1237.0
42,karate(2ca51aca126d691d87c09f3b476cbbaef58881ca),com.intuit.karate.ScriptTest.testMatchXmlRepeatedElements,10.0,1.0,0.2,0.0,0.0,2,0.0,0,0.0,0.0,0.0,1938.0,2848.0,6.0,46.0,270.0,536.0,460.0,4871.0,1476.0,12532.796491898456,0,270,0,0.0,1237.0
42,karate(2ca51aca126d691d87c09f3b476cbbaef58881ca),com.intuit.karate.ScriptTest.testMatchXmlAttributeErrorReporting,9.0,1.0,0.3333333333333333,1.0,0.0,3,0.0,0,0.0,0.0,0.0,1938.0,2848.0,6.0,46.0,270.0,536.0,460.0,4871.0,1476.0,12532.796491898456,0,270,0,0.0,1237.0
42,karate(2ca51aca126d691d87c09f3b476cbbaef58881ca),com.intuit.karate.ScriptTest.testAssigningAndCallingFunctionThatUpdatesVars,9.0,2.0,0.1111111111111111,1.0,0.0,3,0.0,0,0.0,0.0,0.0,1938.0,2848.0,6.0,46.0,270.0,536.0,460.0,4871.0,1476.0,12532.796491898456,0,270,0,0.0,1237.0
42,karate(2ca51aca126d691d87c09f3b476cbbaef58881ca),com.intuit.karate.ScriptTest.testAssigningAndCallingFunctionThatCanBeUsedToAssignVariable,7.0,2.0,0.0,0.0,0.0,2,0.0,0,0.0,0.0,0.0,1938.0,2848.0,6.0,46.0,270.0,536.0,460.0,4871.0,1476.0,12532.796491898456,0,270,0,0.0,1237.0
42,karate(2ca51aca126d691d87c09f3b476cbbaef58881ca),com.intuit.karate.ScriptTest.testAssigningAndCallingFunctionWithArgumentsThatCanBeUsedToAssignVariable,7.0,2.0,0.0,0.0,0.0,2,0.0,0,0.0,0.0,0.0,1938.0,2848.0,6.0,46.0,270.0,536.0,460.0,4871.0,1476.0,12532.796491898456,0,270,0,0.0,1237.0
42,karate(2ca51aca126d691d87c09f3b476cbbaef58881ca),com.intuit.karate.ScriptTest.testCallingFunctionThatTakesPrimitiveArgument,9.0,2.0,0.1111111111111111,1.0,0.0,3,0.0,0,0.0,0.0,0.0,1938.0,2848.0,6.0,46.0,270.0,536.0,460.0,4871.0,1476.0,12532.796491898456,0,270,0,0.0,1237.0
42,karate(2ca51aca126d691d87c09f3b476cbbaef58881ca),com.intuit.karate.ScriptTest.testCallingFunctionThatTakesJsonArgument,9.0,2.0,0.1111111111111111,1.0,0.0,3,0.0,0,0.0,0.0,0.0,1938.0,2848.0,6.0,46.0,270.0,536.0,460.0,4871.0,1476.0,12532.796491898456,0,270,0,0.0,1237.0
42,karate(2ca51aca126d691d87c09f3b476cbbaef58881ca),com.intuit.karate.ScriptTest.testCallingFunctionWithJsonArray,7.0,2.0,0.0,0.0,0.0,2,0.0,0,0.0,0.0,0.0,1938.0,2848.0,6.0,46.0,270.0,536.0,460.0,4871.0,1476.0,12532.796491898456,0,270,0,0.0,1237.0
42,karate(2ca51aca126d691d87c09f3b476cbbaef58881ca),com.intuit.karate.ScriptTest.testCallingFunctionWithJavaList,8.0,2.0,0.0,0.0,0.0,2,0.0,0,0.0,0.0,0.0,1938.0,2848.0,6.0,46.0,270.0,536.0,460.0,4871.0,1476.0,12532.796491898456,0,270,0,0.0,1237.0
42,karate(2ca51aca126d691d87c09f3b476cbbaef58881ca),com.intuit.karate.ScriptTest.testCallingFunctionThatUsesJsonPath,10.0,2.0,0.1,0.0,0.0,3,0.0,0,0.0,0.0,0.0,1938.0,2848.0,6.0,46.0,270.0,536.0,460.0,4871.0,1476.0,12532.796491898456,0,270,0,0.0,1237.0
42,karate(2ca51aca126d691d87c09f3b476cbbaef58881ca),com.intuit.karate.ScriptTest.testCallingFunctionWithJsonArrayReturnedFromAnotherFunction,9.0,2.0,0.1111111111111111,0.0,0.0,3,0.0,0,0.0,0.0,0.0,1938.0,2848.0,6.0,46.0,270.0,536.0,460.0,4871.0,1476.0,12532.796491898456,0,270,0,0.0,1237.0
42,karate(2ca51aca126d691d87c09f3b476cbbaef58881ca),com.intuit.karate.ScriptTest.testCallingFunctionWithJsonReturnedFromAnotherFunction,9.0,2.0,0.1111111111111111,0.0,0.0,3,0.0,0,0.0,0.0,0.0,1938.0,2848.0,6.0,46.0,270.0,536.0,460.0,4871.0,1476.0,12532.796491898456,0,270,0,0.0,1237.0
42,karate(2ca51aca126d691d87c09f3b476cbbaef58881ca),com.intuit.karate.ScriptTest.testCallingFunctionWithStringReturnedFromAnotherFunction,9.0,2.0,0.1111111111111111,0.0,0.0,3,0.0,0,0.0,0.0,0.0,1938.0,2848.0,6.0,46.0,270.0,536.0,460.0,4871.0,1476.0,12532.796491898456,0,270,0,0.0,1237.0
42,karate(2ca51aca126d691d87c09f3b476cbbaef58881ca),com.intuit.karate.ScriptTest.testJsonReturnedFromJsRead,6.0,2.0,0.0,0.0,0.0,3,0.0,0,0.0,0.0,0.0,1938.0,2848.0,6.0,46.0,270.0,536.0,460.0,4871.0,1476.0,12532.796491898456,0,270,0,0.0,1237.0
42,karate(2ca51aca126d691d87c09f3b476cbbaef58881ca),com.intuit.karate.ScriptTest.testJsonFromJsRead,6.0,2.0,0.0,0.0,0.0,3,0.0,0,0.0,0.0,0.0,1938.0,2848.0,6.0,46.0,270.0,536.0,460.0,4871.0,1476.0,12532.796491898456,0,270,0,0.0,1237.0
42,karate(2ca51aca126d691d87c09f3b476cbbaef58881ca),com.intuit.karate.ScriptTest.testParsingVariableAndJsonPath,11.0,1.0,0.7272727272727273,0.0,0.0,1,0.0,0,0.0,0.0,0.0,1938.0,2848.0,6.0,46.0,270.0,536.0,460.0,4871.0,1476.0,12532.796491898456,0,270,0,0.0,1237.0
42,karate(2ca51aca126d691d87c09f3b476cbbaef58881ca),com.intuit.karate.ScriptTest.testSetValueOnVariableByPath,52.0,1.0,0.34615384615384615,0.0,0.0,7,0.0,0,0.0,0.0,0.0,1938.0,2848.0,6.0,46.0,270.0,536.0,460.0,4871.0,1476.0,12532.796491898456,0,270,0,0.0,1237.0
42,karate(2ca51aca126d691d87c09f3b476cbbaef58881ca),com.intuit.karate.ScriptTest.testSetXmlChunkAutoConversion,7.0,1.0,0.0,0.0,0.0,7,0.0,0,0.0,0.0,0.0,1938.0,2848.0,6.0,46.0,270.0,536.0,460.0,4871.0,1476.0,12532.796491898456,0,270,0,0.0,1237.0
42,karate(2ca51aca126d691d87c09f3b476cbbaef58881ca),com.intuit.karate.ScriptTest.testDeleteValueOnVariableByPath,16.0,1.0,0.25,0.0,0.0,8,0.0,0,0.0,0.0,0.0,1938.0,2848.0,6.0,46.0,270.0,536.0,460.0,4871.0,1476.0,12532.796491898456,0,270,0,0.0,1237.0
42,karate(2ca51aca126d691d87c09f3b476cbbaef58881ca),com.intuit.karate.ScriptTest.testCallJsFunctionWithMap,7.0,2.0,0.0,0.0,0.0,3,0.0,0,0.0,0.0,0.0,1938.0,2848.0,6.0,46.0,270.0,536.0,460.0,4871.0,1476.0,12532.796491898456,0,270,0,0.0,1237.0
42,karate(2ca51aca126d691d87c09f3b476cbbaef58881ca),com.intuit.karate.ScriptTest.testDefaultValidators,33.0,2.0,0.5151515151515151,0.0,0.0,2,0.0,0,0.0,0.0,0.0,1938.0,2848.0,6.0,46.0,270.0,536.0,460.0,4871.0,1476.0,12532.796491898456,0,270,0,0.0,1237.0
42,karate(2ca51aca126d691d87c09f3b476cbbaef58881ca),com.intuit.karate.ScriptTest.testStringThatStartsWithHashSymbol,5.0,1.0,0.0,0.0,0.0,3,0.0,0,0.0,0.0,0.0,1938.0,2848.0,6.0,46.0,270.0,536.0,460.0,4871.0,1476.0,12532.796491898456,0,270,0,0.0,1237.0
42,karate(2ca51aca126d691d87c09f3b476cbbaef58881ca),com.intuit.karate.ScriptTest.testSimpleJsonMatch,6.0,1.0,0.0,0.0,0.0,2,0.0,0,0.0,0.0,0.0,1938.0,2848.0,6.0,46.0,270.0,536.0,460.0,4871.0,1476.0,12532.796491898456,0,270,0,0.0,1237.0
42,karate(2ca51aca126d691d87c09f3b476cbbaef58881ca),com.intuit.karate.ScriptTest.testAssignJsonChunkObjectAndUse,9.0,1.0,0.1111111111111111,0.0,0.0,3,0.0,0,0.0,0.0,0.0,1938.0,2848.0,6.0,46.0,270.0,536.0,460.0,4871.0,1476.0,12532.796491898456,0,270,0,0.0,1237.0
42,karate(2ca51aca126d691d87c09f3b476cbbaef58881ca),com.intuit.karate.ScriptTest.testAssignJsonChunkListAndUse,8.0,1.0,0.25,0.0,0.0,3,0.0,0,0.0,0.0,0.0,1938.0,2848.0,6.0,46.0,270.0,536.0,460.0,4871.0,1476.0,12532.796491898456,0,270,0,0.0,1237.0
42,karate(2ca51aca126d691d87c09f3b476cbbaef58881ca),com.intuit.karate.ScriptTest.testEvalUrl,5.0,1.0,0.0,0.0,0.0,1,0.0,0,0.0,0.0,0.0,1938.0,2848.0,6.0,46.0,270.0,536.0,460.0,4871.0,1476.0,12532.796491898456,0,270,0,0.0,1237.0
42,karate(2ca51aca126d691d87c09f3b476cbbaef58881ca),com.intuit.karate.ScriptTest.testEvalParamWithDot,5.0,1.0,0.0,0.0,0.0,1,0.0,0,0.0,0.0,0.0,1938.0,2848.0,6.0,46.0,270.0,536.0,460.0,4871.0,1476.0,12532.796491898456,0,270,0,0.0,1237.0
42,karate(2ca51aca126d691d87c09f3b476cbbaef58881ca),com.intuit.karate.ScriptTest.testMatchHandlesNonStringNullsGracefully,5.0,1.0,0.0,0.0,0.0,3,0.0,0,0.0,0.0,0.0,1938.0,2848.0,6.0,46.0,270.0,536.0,460.0,4871.0,1476.0,12532.796491898456,0,270,0,0.0,1237.0
42,karate(2ca51aca126d691d87c09f3b476cbbaef58881ca),com.intuit.karate.ScriptTest.testMatchJsonObjectContains,7.0,1.0,0.2857142857142857,0.0,0.0,3,0.0,0,0.0,0.0,0.0,1938.0,2848.0,6.0,46.0,270.0,536.0,460.0,4871.0,1476.0,12532.796491898456,0,270,0,0.0,1237.0
42,karate(2ca51aca126d691d87c09f3b476cbbaef58881ca),com.intuit.karate.ScriptTest.testMatchJsonObjectPartialNotContains,6.0,1.0,0.16666666666666666,0.0,0.0,3,0.0,0,0.0,0.0,0.0,1938.0,2848.0,6.0,46.0,270.0,536.0,460.0,4871.0,1476.0,12532.796491898456,0,270,0,0.0,1237.0
42,karate(2ca51aca126d691d87c09f3b476cbbaef58881ca),com.intuit.karate.ScriptTest.testMatchJsonArrayContains,6.0,1.0,0.16666666666666666,0.0,0.0,3,0.0,0,0.0,0.0,0.0,1938.0,2848.0,6.0,46.0,270.0,536.0,460.0,4871.0,1476.0,12532.796491898456,0,270,0,0.0,1237.0
42,karate(2ca51aca126d691d87c09f3b476cbbaef58881ca),com.intuit.karate.ScriptTest.testMatchContainsForSingleElements,9.0,1.0,0.2222222222222222,0.0,0.0,3,0.0,0,0.0,0.0,0.0,1938.0,2848.0,6.0,46.0,270.0,536.0,460.0,4871.0,1476.0,12532.796491898456,0,270,0,0.0,1237.0
42,karate(2ca51aca126d691d87c09f3b476cbbaef58881ca),com.intuit.karate.ScriptTest.testMatchJsonObjectErrorReporting,7.0,1.0,0.2857142857142857,1.0,0.0,3,0.0,0,0.0,0.0,0.0,1938.0,2848.0,6.0,46.0,270.0,536.0,460.0,4871.0,1476.0,12532.796491898456,0,270,0,0.0,1237.0
42,karate(2ca51aca126d691d87c09f3b476cbbaef58881ca),com.intuit.karate.ScriptTest.testMatchJsonArrayErrorReporting,18.0,1.0,0.5,5.0,0.0,3,0.0,0,0.0,0.0,0.0,1938.0,2848.0,6.0,46.0,270.0,536.0,460.0,4871.0,1476.0,12532.796491898456,0,270,0,0.0,1237.0
42,karate(2ca51aca126d691d87c09f3b476cbbaef58881ca),com.intuit.karate.ScriptTest.testMatchStringEqualsAndContains,11.0,1.0,0.5454545454545454,0.0,0.0,3,0.0,0,0.0,0.0,0.0,1938.0,2848.0,6.0,46.0,270.0,536.0,460.0,4871.0,1476.0,12532.796491898456,0,270,0,0.0,1237.0
42,karate(2ca51aca126d691d87c09f3b476cbbaef58881ca),com.intuit.karate.ScriptTest.testKarateEnvAccessFromScript,15.0,3.0,0.06666666666666667,1.0,0.0,2,0.0,0,2.0,0.0,0.0,1938.0,2848.0,6.0,46.0,270.0,536.0,460.0,4871.0,1476.0,12532.796491898456,0,270,0,0.0,1237.0
42,karate(2ca51aca126d691d87c09f3b476cbbaef58881ca),com.intuit.karate.ScriptTest.testCallingFeatureWithNoArgument,8.0,1.0,0.125,2.0,0.0,3,0.0,0,0.0,0.0,0.0,1938.0,2848.0,6.0,46.0,270.0,536.0,460.0,4871.0,1476.0,12532.796491898456,0,270,0,0.0,1237.0
42,karate(2ca51aca126d691d87c09f3b476cbbaef58881ca),com.intuit.karate.ScriptTest.testCallingFeatureWithVarOverrides,10.0,1.0,0.2,3.0,0.0,3,0.0,0,0.0,0.0,0.0,1938.0,2848.0,6.0,46.0,270.0,536.0,460.0,4871.0,1476.0,12532.796491898456,0,270,0,0.0,1237.0
42,karate(2ca51aca126d691d87c09f3b476cbbaef58881ca),com.intuit.karate.ScriptTest.testCallingFeatureWithVarOverrideFromVariable,11.0,1.0,0.18181818181818182,3.0,0.0,3,0.0,0,0.0,0.0,0.0,1938.0,2848.0,6.0,46.0,270.0,536.0,460.0,4871.0,1476.0,12532.796491898456,0,270,0,0.0,1237.0
42,karate(2ca51aca126d691d87c09f3b476cbbaef58881ca),com.intuit.karate.ScriptTest.testCallingFeatureWithList,10.0,1.0,0.2,3.0,0.0,3,0.0,0,0.0,0.0,0.0,1938.0,2848.0,6.0,46.0,270.0,536.0,460.0,4871.0,1476.0,12532.796491898456,0,270,0,0.0,1237.0
42,karate(2ca51aca126d691d87c09f3b476cbbaef58881ca),com.intuit.karate.ScriptTest.testCallingFeatureThatEvaluatesEmbeddedExpressions,8.0,1.0,0.125,0.0,0.0,3,0.0,0,0.0,0.0,0.0,1938.0,2848.0,6.0,46.0,270.0,536.0,460.0,4871.0,1476.0,12532.796491898456,0,270,0,0.0,1237.0
42,karate(2ca51aca126d691d87c09f3b476cbbaef58881ca),com.intuit.karate.ScriptTest.testCallingFeatureThatEvaluatesEmbeddedExpressionsFromFileRead,8.0,1.0,0.125,0.0,1.0,3,0.0,0,0.0,0.0,0.0,1938.0,2848.0,6.0,46.0,270.0,536.0,460.0,4871.0,1476.0,12532.796491898456,0,270,0,0.0,1237.0
42,karate(2ca51aca126d691d87c09f3b476cbbaef58881ca),com.intuit.karate.ScriptTest.testCallingFeatureWithJsonCreatedByJavaScript,8.0,2.0,0.0,1.0,0.0,3,0.0,0,0.0,0.0,0.0,1938.0,2848.0,6.0,46.0,270.0,536.0,460.0,4871.0,1476.0,12532.796491898456,0,270,0,0.0,1237.0
42,karate(2ca51aca126d691d87c09f3b476cbbaef58881ca),com.intuit.karate.ScriptTest.testCallingFeatureWithJsonArrayCreatedByJavaScript,8.0,2.0,0.0,1.0,0.0,3,0.0,0,0.0,0.0,0.0,1938.0,2848.0,6.0,46.0,270.0,536.0,460.0,4871.0,1476.0,12532.796491898456,0,270,0,0.0,1237.0
42,karate(2ca51aca126d691d87c09f3b476cbbaef58881ca),com.intuit.karate.ScriptTest.testSetOnJsonArrayCreatedByJavaScript,7.0,2.0,0.0,0.0,0.0,7,0.0,0,0.0,0.0,0.0,1938.0,2848.0,6.0,46.0,270.0,536.0,460.0,4871.0,1476.0,12532.796491898456,0,270,0,0.0,1237.0
42,karate(2ca51aca126d691d87c09f3b476cbbaef58881ca),com.intuit.karate.ScriptTest.testGetSyntaxForJson,23.0,1.0,0.391304347826087,0.0,0.0,3,0.0,0,0.0,0.0,0.0,1938.0,2848.0,6.0,46.0,270.0,536.0,460.0,4871.0,1476.0,12532.796491898456,0,270,0,0.0,1237.0
42,karate(2ca51aca126d691d87c09f3b476cbbaef58881ca),com.intuit.karate.ScriptTest.testGetSyntaxForXml,7.0,1.0,0.14285714285714285,0.0,0.0,3,0.0,0,0.0,0.0,0.0,1938.0,2848.0,6.0,46.0,270.0,536.0,460.0,4871.0,1476.0,12532.796491898456,0,270,0,0.0,1237.0
42,karate(2ca51aca126d691d87c09f3b476cbbaef58881ca),com.intuit.karate.ScriptTest.testFromJsKarateCallFeatureWithNoArg,7.0,2.0,0.14285714285714285,0.0,0.0,3,0.0,0,0.0,0.0,0.0,1938.0,2848.0,6.0,46.0,270.0,536.0,460.0,4871.0,1476.0,12532.796491898456,0,270,0,0.0,1237.0
42,karate(2ca51aca126d691d87c09f3b476cbbaef58881ca),com.intuit.karate.ScriptTest.testFromJsKarateCallFeatureWithJsonArg,8.0,2.0,0.25,0.0,0.0,3,0.0,0,0.0,0.0,0.0,1938.0,2848.0,6.0,46.0,270.0,536.0,460.0,4871.0,1476.0,12532.796491898456,0,270,0,0.0,1237.0
42,karate(2ca51aca126d691d87c09f3b476cbbaef58881ca),com.intuit.karate.ScriptTest.testFromJsKarateGetForNonExistentVariable,6.0,2.0,0.0,0.0,0.0,3,0.0,0,0.0,0.0,0.0,1938.0,2848.0,6.0,46.0,270.0,536.0,460.0,4871.0,1476.0,12532.796491898456,0,270,0,0.0,1237.0
42,karate(2ca51aca126d691d87c09f3b476cbbaef58881ca),com.intuit.karate.ScriptTest.testFromJsKarateGetForJsonArrayVariable,6.0,2.0,0.0,0.0,0.0,3,0.0,0,0.0,0.0,0.0,1938.0,2848.0,6.0,46.0,270.0,536.0,460.0,4871.0,1476.0,12532.796491898456,0,270,0,0.0,1237.0
42,karate(2ca51aca126d691d87c09f3b476cbbaef58881ca),com.intuit.karate.ScriptTest.testFromJsKarateGetForJsonObjectVariableAndCallFeatureAndJs,11.0,1.0,0.18181818181818182,0.0,0.0,3,0.0,0,0.0,0.0,0.0,1938.0,2848.0,6.0,46.0,270.0,536.0,460.0,4871.0,1476.0,12532.796491898456,0,270,0,0.0,1237.0
42,karate(2ca51aca126d691d87c09f3b476cbbaef58881ca),com.intuit.karate.ScriptTest.testFromJsKarateJsonPath,9.0,2.0,0.2222222222222222,0.0,0.0,3,0.0,0,0.0,0.0,0.0,1938.0,2848.0,6.0,46.0,270.0,536.0,460.0,4871.0,1476.0,12532.796491898456,0,270,0,0.0,1237.0
42,karate(2ca51aca126d691d87c09f3b476cbbaef58881ca),com.intuit.karate.ScriptTest.testAssigningRawTextWhichOtherwiseConfusesKarate,12.0,2.0,0.0,0.0,0.0,3,0.0,0,0.0,0.0,0.0,1938.0,2848.0,6.0,46.0,270.0,536.0,460.0,4871.0,1476.0,12532.796491898456,0,270,0,0.0,1237.0
42,karate(2ca51aca126d691d87c09f3b476cbbaef58881ca),com.intuit.karate.ScriptTest.testBigDecimalsInJson,21.0,1.0,0.6190476190476191,0.0,0.0,3,0.0,0,0.0,0.0,0.0,1938.0,2848.0,6.0,46.0,270.0,536.0,460.0,4871.0,1476.0,12532.796491898456,0,270,0,0.0,1237.0
42,karate(2ca51aca126d691d87c09f3b476cbbaef58881ca),com.intuit.karate.ScriptTest.testDollarInEmbeddedExpressions,6.0,1.0,0.16666666666666666,0.0,0.0,3,0.0,0,0.0,0.0,0.0,1938.0,2848.0,6.0,46.0,270.0,536.0,460.0,4871.0,1476.0,12532.796491898456,0,270,0,0.0,1237.0
42,karate(2ca51aca126d691d87c09f3b476cbbaef58881ca),com.intuit.karate.ScriptTest.testOptionalAndUnMatchedActualKeys,5.0,1.0,0.0,0.0,0.0,3,0.0,0,0.0,0.0,0.0,1938.0,2848.0,6.0,46.0,270.0,536.0,460.0,4871.0,1476.0,12532.796491898456,0,270,0,0.0,1237.0
42,karate(2ca51aca126d691d87c09f3b476cbbaef58881ca),com.intuit.karate.ScriptTest.testValidationStringInsteadOfNumberInPredicate,14.0,1.0,0.5714285714285714,0.0,0.0,3,0.0,0,0.0,0.0,0.0,1938.0,2848.0,6.0,46.0,270.0,536.0,460.0,4871.0,1476.0,12532.796491898456,0,270,0,0.0,1237.0
42,karate(2ca51aca126d691d87c09f3b476cbbaef58881ca),com.intuit.karate.ScriptTest.testMatchMacroArray,31.0,1.0,0.7419354838709677,0.0,0.0,3,0.0,0,0.0,0.0,0.0,1938.0,2848.0,6.0,46.0,270.0,536.0,460.0,4871.0,1476.0,12532.796491898456,0,270,0,0.0,1237.0
42,karate(2ca51aca126d691d87c09f3b476cbbaef58881ca),com.intuit.karate.ScriptTest.testMatchMacroArrayComplex,37.0,1.0,0.7837837837837838,0.0,0.0,3,0.0,0,0.0,0.0,0.0,1938.0,2848.0,6.0,46.0,270.0,536.0,460.0,4871.0,1476.0,12532.796491898456,0,270,0,0.0,1237.0
42,karate(2ca51aca126d691d87c09f3b476cbbaef58881ca),com.intuit.karate.ScriptTest.testMatchMacroArrayComplexContains,46.0,1.0,0.7391304347826086,0.0,0.0,3,0.0,0,0.0,0.0,0.0,1938.0,2848.0,6.0,46.0,270.0,536.0,460.0,4871.0,1476.0,12532.796491898456,0,270,0,0.0,1237.0
42,karate(2ca51aca126d691d87c09f3b476cbbaef58881ca),com.intuit.karate.ScriptTest.testSchemaLikeAndOptionalKeys,18.0,1.0,0.5,0.0,0.0,3,0.0,0,0.0,0.0,0.0,1938.0,2848.0,6.0,46.0,270.0,536.0,460.0,4871.0,1476.0,12532.796491898456,0,270,0,0.0,1237.0
42,karate(2ca51aca126d691d87c09f3b476cbbaef58881ca),com.intuit.karate.ScriptTest.testPresentNotPresentAndOptionalNulls,30.0,1.0,0.7666666666666667,0.0,0.0,3,0.0,0,0.0,0.0,0.0,1938.0,2848.0,6.0,46.0,270.0,536.0,460.0,4871.0,1476.0,12532.796491898456,0,270,0,0.0,1237.0
42,karate(2ca51aca126d691d87c09f3b476cbbaef58881ca),com.intuit.karate.ScriptTest.testJsonPathWhenActualIsEmptyString,5.0,1.0,0.0,0.0,0.0,3,0.0,0,0.0,0.0,0.0,1938.0,2848.0,6.0,46.0,270.0,536.0,460.0,4871.0,1476.0,12532.796491898456,0,270,0,0.0,1237.0
42,karate(2ca51aca126d691d87c09f3b476cbbaef58881ca),com.intuit.karate.ScriptTest.testReplace,8.0,1.0,0.5,0.0,0.0,1,0.0,0,0.0,0.0,0.0,1938.0,2848.0,6.0,46.0,270.0,536.0,460.0,4871.0,1476.0,12532.796491898456,0,270,0,0.0,1237.0
42,karate(2ca51aca126d691d87c09f3b476cbbaef58881ca),com.intuit.karate.ScriptTest.testEvalFromJs,9.0,1.0,0.2222222222222222,0.0,0.0,3,0.0,0,0.0,0.0,0.0,1938.0,2848.0,6.0,46.0,270.0,536.0,460.0,4871.0,1476.0,12532.796491898456,0,270,0,0.0,1237.0
42,karate(2ca51aca126d691d87c09f3b476cbbaef58881ca),com.intuit.karate.ScriptTest.testRemoveIfNullMultiple,5.0,1.0,0.0,0.0,0.0,3,0.0,0,0.0,0.0,0.0,1938.0,2848.0,6.0,46.0,270.0,536.0,460.0,4871.0,1476.0,12532.796491898456,0,270,0,0.0,1237.0
42,karate(2ca51aca126d691d87c09f3b476cbbaef58881ca),com.intuit.karate.ScriptTest.testMatchingIsStrictForDataTypes,8.0,1.0,0.375,0.0,0.0,3,0.0,0,0.0,0.0,0.0,1938.0,2848.0,6.0,46.0,270.0,536.0,460.0,4871.0,1476.0,12532.796491898456,0,270,0,0.0,1237.0
42,karate(2ca51aca126d691d87c09f3b476cbbaef58881ca),com.intuit.karate.ScriptTest.testTypeConversion,7.0,1.0,0.14285714285714285,0.0,0.0,3,0.0,0,0.0,0.0,0.0,1938.0,2848.0,6.0,46.0,270.0,536.0,460.0,4871.0,1476.0,12532.796491898456,0,270,0,0.0,1237.0
42,karate(2ca51aca126d691d87c09f3b476cbbaef58881ca),com.intuit.karate.ScriptTest.testBinaryMatching,5.0,1.0,0.0,0.0,0.0,3,0.0,0,0.0,0.0,0.0,1938.0,2848.0,6.0,46.0,270.0,536.0,460.0,4871.0,1476.0,12532.796491898456,0,270,0,0.0,1237.0
42,karate(2ca51aca126d691d87c09f3b476cbbaef58881ca),com.intuit.karate.ScriptTest.testJsonCyclicReferences,11.0,2.0,0.0,0.0,0.0,3,0.0,0,0.0,0.0,0.0,1938.0,2848.0,6.0,46.0,270.0,536.0,460.0,4871.0,1476.0,12532.796491898456,0,270,0,0.0,1237.0
42,karate(2ca51aca126d691d87c09f3b476cbbaef58881ca),com.intuit.karate.ScriptTest.testMatchFunctionOnLhs,8.0,2.0,0.25,0.0,0.0,3,0.0,0,0.0,0.0,0.0,1938.0,2848.0,6.0,46.0,270.0,536.0,460.0,4871.0,1476.0,12532.796491898456,0,270,0,0.0,1237.0
42,karate(2ca51aca126d691d87c09f3b476cbbaef58881ca),com.intuit.karate.ScriptTest.testKarateToJson,10.0,1.0,0.1,0.0,0.0,5,0.0,0,0.0,0.0,0.0,1938.0,2848.0,6.0,46.0,270.0,536.0,460.0,4871.0,1476.0,12532.796491898456,0,270,0,0.0,1237.0
42,karate(2ca51aca126d691d87c09f3b476cbbaef58881ca),com.intuit.karate.ScriptValueTest.testTypeDetection,22.0,1.0,0.5,12.0,0.0,4,0.0,0,0.0,0.0,0.0,509.0,0.0,5.0,13.0,104.0,114.0,76.0,513.0,293.0,1828.4008226350354,0,0,0,0.0,0.0
42,karate(2ca51aca126d691d87c09f3b476cbbaef58881ca),com.intuit.karate.StringUtilsTest.testPair,3.0,1.0,0.0,0.0,0.0,1,0.0,0,0.0,0.0,0.0,225.0,122.0,14.0,10.0,55.0,57.0,40.0,1040.0,186.0,1292.1375345371878,0,0,0,0.0,0.0
42,karate(2ca51aca126d691d87c09f3b476cbbaef58881ca),com.intuit.karate.StringUtilsTest.testTrimToEmpty,4.0,1.0,0.25,0.0,0.0,1,0.0,0,0.0,0.0,0.0,225.0,122.0,14.0,10.0,55.0,57.0,40.0,1040.0,186.0,1292.1375345371878,0,0,0,0.0,0.0
42,karate(2ca51aca126d691d87c09f3b476cbbaef58881ca),com.intuit.karate.StringUtilsTest.testTrimToNull,5.0,1.0,0.4,1.0,0.0,1,0.0,0,0.0,0.0,0.0,225.0,122.0,14.0,10.0,55.0,57.0,40.0,1040.0,186.0,1292.1375345371878,0,0,0,0.0,0.0
42,karate(2ca51aca126d691d87c09f3b476cbbaef58881ca),com.intuit.karate.StringUtilsTest.testRepeat,5.0,1.0,0.4,0.0,0.0,1,0.0,0,0.0,0.0,0.0,225.0,122.0,14.0,10.0,55.0,57.0,40.0,1040.0,186.0,1292.1375345371878,0,0,0,0.0,0.0
42,karate(2ca51aca126d691d87c09f3b476cbbaef58881ca),com.intuit.karate.StringUtilsTest.testSplit,24.0,1.0,0.5833333333333334,7.0,0.0,1,0.0,0,0.0,0.0,0.0,225.0,122.0,14.0,10.0,55.0,57.0,40.0,1040.0,186.0,1292.1375345371878,0,0,0,0.0,0.0
42,karate(2ca51aca126d691d87c09f3b476cbbaef58881ca),com.intuit.karate.StringUtilsTest.testJoin,5.0,1.0,0.2,0.0,0.0,2,0.0,0,0.0,0.0,0.0,225.0,122.0,14.0,10.0,55.0,57.0,40.0,1040.0,186.0,1292.1375345371878,0,0,0,0.0,0.0
42,karate(2ca51aca126d691d87c09f3b476cbbaef58881ca),com.intuit.karate.StringUtilsTest.testJsFunction,6.0,2.0,0.5,0.0,0.0,2,0.0,0,0.0,0.0,0.0,225.0,122.0,14.0,10.0,55.0,57.0,40.0,1040.0,186.0,1292.1375345371878,0,0,0,0.0,0.0
42,karate(2ca51aca126d691d87c09f3b476cbbaef58881ca),com.intuit.karate.StringUtilsTest.testIsBlank,5.0,1.0,0.4,1.0,0.0,1,0.0,0,0.0,0.0,0.0,225.0,122.0,14.0,10.0,55.0,57.0,40.0,1040.0,186.0,1292.1375345371878,0,0,0,0.0,0.0
42,karate(2ca51aca126d691d87c09f3b476cbbaef58881ca),com.intuit.karate.StringUtilsTest.testToIdString,5.0,2.0,0.0,0.0,0.0,1,0.0,0,0.0,0.0,0.0,225.0,122.0,14.0,10.0,55.0,57.0,40.0,1040.0,186.0,1292.1375345371878,0,0,0,0.0,0.0
42,karate(2ca51aca126d691d87c09f3b476cbbaef58881ca),com.intuit.karate.StringUtilsTest.testSplitByFirstLineFeed,5.0,1.0,0.4,0.0,0.0,1,0.0,0,0.0,0.0,0.0,225.0,122.0,14.0,10.0,55.0,57.0,40.0,1040.0,186.0,1292.1375345371878,0,0,0,0.0,0.0
42,karate(2ca51aca126d691d87c09f3b476cbbaef58881ca),com.intuit.karate.StringUtilsTest.testToStringLines,4.0,1.0,0.0,0.0,0.0,1,1.0,0,0.0,0.0,0.0,225.0,122.0,14.0,10.0,55.0,57.0,40.0,1040.0,186.0,1292.1375345371878,0,0,0,0.0,0.0
42,karate(2ca51aca126d691d87c09f3b476cbbaef58881ca),com.intuit.karate.StringUtilsTest.testCountLineFeeds,4.0,1.0,0.25,0.0,0.0,1,0.0,0,0.0,0.0,0.0,225.0,122.0,14.0,10.0,55.0,57.0,40.0,1040.0,186.0,1292.1375345371878,0,0,0,0.0,0.0
42,karate(2ca51aca126d691d87c09f3b476cbbaef58881ca),com.intuit.karate.StringUtilsTest.testWrappedLinesEstimate,5.0,1.0,0.4,0.0,0.0,1,0.0,0,0.0,0.0,0.0,225.0,122.0,14.0,10.0,55.0,57.0,40.0,1040.0,186.0,1292.1375345371878,0,0,0,0.0,0.0
42,karate(2ca51aca126d691d87c09f3b476cbbaef58881ca),com.intuit.karate.XmlUtilsTest.testParsing,6.0,1.0,0.0,0.0,0.0,2,0.0,0,0.0,0.0,0.0,452.0,378.0,0.0,33.0,103.0,175.0,147.0,2466.0,345.0,2694.57167588488,0,0,0,0.0,0.0
42,karate(2ca51aca126d691d87c09f3b476cbbaef58881ca),com.intuit.karate.XmlUtilsTest.testXpath,8.0,1.0,0.125,0.0,0.0,4,0.0,0,0.0,0.0,0.0,452.0,378.0,0.0,33.0,103.0,175.0,147.0,2466.0,345.0,2694.57167588488,0,0,0,0.0,0.0
42,karate(2ca51aca126d691d87c09f3b476cbbaef58881ca),com.intuit.karate.XmlUtilsTest.testConvertingToMap,8.0,1.0,0.0,0.0,0.0,3,0.0,0,0.0,0.0,0.0,452.0,378.0,0.0,33.0,103.0,175.0,147.0,2466.0,345.0,2694.57167588488,0,0,0,0.0,0.0
42,karate(2ca51aca126d691d87c09f3b476cbbaef58881ca),com.intuit.karate.XmlUtilsTest.testComplexConversionToMap,14.0,1.0,0.0,0.0,0.0,3,0.0,0,0.0,0.0,0.0,452.0,378.0,0.0,33.0,103.0,175.0,147.0,2466.0,345.0,2694.57167588488,0,0,0,0.0,0.0
42,karate(2ca51aca126d691d87c09f3b476cbbaef58881ca),com.intuit.karate.XmlUtilsTest.testRepeatedXmlElementsToMap,11.0,1.0,0.18181818181818182,1.0,0.0,3,0.0,0,0.0,0.0,0.0,452.0,378.0,0.0,33.0,103.0,175.0,147.0,2466.0,345.0,2694.57167588488,0,0,0,0.0,0.0
42,karate(2ca51aca126d691d87c09f3b476cbbaef58881ca),com.intuit.karate.XmlUtilsTest.testAnotherXpath,7.0,1.0,0.0,0.0,0.0,3,0.0,0,0.0,0.0,0.0,452.0,378.0,0.0,33.0,103.0,175.0,147.0,2466.0,345.0,2694.57167588488,0,0,0,0.0,0.0
42,karate(2ca51aca126d691d87c09f3b476cbbaef58881ca),com.intuit.karate.XmlUtilsTest.testSetStringValueByPath,7.0,1.0,0.0,0.0,0.0,6,0.0,0,0.0,0.0,0.0,452.0,378.0,0.0,33.0,103.0,175.0,147.0,2466.0,345.0,2694.57167588488,0,0,0,0.0,0.0
42,karate(2ca51aca126d691d87c09f3b476cbbaef58881ca),com.intuit.karate.XmlUtilsTest.testReplaceDomNodeByPath,8.0,1.0,0.0,0.0,0.0,6,0.0,0,0.0,0.0,0.0,452.0,378.0,0.0,33.0,103.0,175.0,147.0,2466.0,345.0,2694.57167588488,0,0,0,0.0,0.0
42,karate(2ca51aca126d691d87c09f3b476cbbaef58881ca),com.intuit.karate.XmlUtilsTest.testAppendDomNodeByPath,8.0,1.0,0.0,0.0,0.0,6,0.0,0,0.0,0.0,0.0,452.0,378.0,0.0,33.0,103.0,175.0,147.0,2466.0,345.0,2694.57167588488,0,0,0,0.0,0.0
42,karate(2ca51aca126d691d87c09f3b476cbbaef58881ca),com.intuit.karate.XmlUtilsTest.testSetDomNodeWithAttributeByPath,8.0,1.0,0.0,0.0,0.0,6,0.0,0,0.0,0.0,0.0,452.0,378.0,0.0,33.0,103.0,175.0,147.0,2466.0,345.0,2694.57167588488,0,0,0,0.0,0.0
42,karate(2ca51aca126d691d87c09f3b476cbbaef58881ca),com.intuit.karate.XmlUtilsTest.testCreateElementByPath,6.0,1.0,0.0,0.0,0.0,4,0.0,0,0.0,0.0,0.0,452.0,378.0,0.0,33.0,103.0,175.0,147.0,2466.0,345.0,2694.57167588488,0,0,0,0.0,0.0
42,karate(2ca51aca126d691d87c09f3b476cbbaef58881ca),com.intuit.karate.XmlUtilsTest.testSetElementCreatingNonExistentParents,8.0,1.0,0.0,0.0,0.0,6,0.0,0,0.0,0.0,0.0,452.0,378.0,0.0,33.0,103.0,175.0,147.0,2466.0,345.0,2694.57167588488,0,0,0,0.0,0.0
42,karate(2ca51aca126d691d87c09f3b476cbbaef58881ca),com.intuit.karate.XmlUtilsTest.testSetAttributeCreatingNonExistentParents,7.0,1.0,0.0,0.0,0.0,6,0.0,0,0.0,0.0,0.0,452.0,378.0,0.0,33.0,103.0,175.0,147.0,2466.0,345.0,2694.57167588488,0,0,0,0.0,0.0
42,karate(2ca51aca126d691d87c09f3b476cbbaef58881ca),com.intuit.karate.XmlUtilsTest.getDocument,3.0,2.0,0.0,0.0,0.0,0,0.0,0,0.0,0.0,0.0,452.0,378.0,0.0,33.0,103.0,175.0,147.0,2466.0,345.0,2694.57167588488,0,0,0,0.0,0.0
42,karate(2ca51aca126d691d87c09f3b476cbbaef58881ca),com.intuit.karate.XmlUtilsTest.testCreateElement,5.0,1.0,0.0,0.0,0.0,3,0.0,0,0.0,0.0,0.0,452.0,378.0,0.0,33.0,103.0,175.0,147.0,2466.0,345.0,2694.57167588488,0,0,0,0.0,0.0
42,karate(2ca51aca126d691d87c09f3b476cbbaef58881ca),com.intuit.karate.XmlUtilsTest.testCreateElementWithAttributes,7.0,1.0,0.0,0.0,0.0,3,0.0,0,0.0,0.0,0.0,452.0,378.0,0.0,33.0,103.0,175.0,147.0,2466.0,345.0,2694.57167588488,0,0,0,0.0,0.0
42,karate(2ca51aca126d691d87c09f3b476cbbaef58881ca),com.intuit.karate.XmlUtilsTest.testXmlFromMap,7.0,1.0,0.0,0.0,0.0,4,0.0,0,0.0,0.0,0.0,452.0,378.0,0.0,33.0,103.0,175.0,147.0,2466.0,345.0,2694.57167588488,0,0,0,0.0,0.0
42,karate(2ca51aca126d691d87c09f3b476cbbaef58881ca),com.intuit.karate.XmlUtilsTest.testXmlWithAttributesFromMap,10.0,1.0,0.0,0.0,0.0,4,0.0,0,0.0,0.0,0.0,452.0,378.0,0.0,33.0,103.0,175.0,147.0,2466.0,345.0,2694.57167588488,0,0,0,0.0,0.0
42,karate(2ca51aca126d691d87c09f3b476cbbaef58881ca),com.intuit.karate.XmlUtilsTest.testPrettyPrint,8.0,1.0,0.0,1.0,0.0,4,0.0,0,0.0,0.0,0.0,452.0,378.0,0.0,33.0,103.0,175.0,147.0,2466.0,345.0,2694.57167588488,0,0,0,0.0,0.0
42,karate(2ca51aca126d691d87c09f3b476cbbaef58881ca),com.intuit.karate.XmlUtilsTest.testCreatingNewDocumentFromSomeChildNode,10.0,1.0,0.1,0.0,0.0,7,1.0,0,0.0,0.0,0.0,452.0,378.0,0.0,33.0,103.0,175.0,147.0,2466.0,345.0,2694.57167588488,0,0,0,0.0,0.0
42,karate(2ca51aca126d691d87c09f3b476cbbaef58881ca),com.intuit.karate.XmlUtilsTest.testConversionToMapRoundTrip,13.0,2.0,0.15384615384615385,3.0,0.0,6,0.0,0,2.0,0.0,0.0,452.0,378.0,0.0,33.0,103.0,175.0,147.0,2466.0,345.0,2694.57167588488,0,0,0,0.0,0.0
42,karate(2ca51aca126d691d87c09f3b476cbbaef58881ca),com.intuit.karate.XmlUtilsTest.testStripNameSpacePrefixes,7.0,1.0,0.5714285714285714,0.0,0.0,1,0.0,0,0.0,0.0,0.0,452.0,378.0,0.0,33.0,103.0,175.0,147.0,2466.0,345.0,2694.57167588488,0,0,0,0.0,0.0
42,karate(2ca51aca126d691d87c09f3b476cbbaef58881ca),com.intuit.karate.CatsHtmlRunner.testMain,3.0,1.0,0.0,0.0,0.0,0,0.0,0,0.0,0.0,0.0,16.0,0.0,0.0,1.0,1.0,2.0,1.0,21.0,17.0,51.75688144129819,0,0,1,0.0,0.0
42,karate(2ca51aca126d691d87c09f3b476cbbaef58881ca),com.intuit.karate.ClientRunner.testClient,3.0,1.0,0.0,0.0,0.0,0,0.0,0,0.0,0.0,0.0,16.0,0.0,0.0,1.0,1.0,2.0,1.0,20.0,16.0,47.931716376863854,0,0,1,0.0,0.0
42,karate(2ca51aca126d691d87c09f3b476cbbaef58881ca),com.intuit.karate.ClientUiMainRunner.testMain,3.0,1.0,0.0,0.0,0.0,0,0.0,0,0.0,0.0,0.0,16.0,0.0,0.0,1.0,1.0,2.0,1.0,21.0,17.0,51.75688144129819,0,0,1,0.0,0.0
42,karate(2ca51aca126d691d87c09f3b476cbbaef58881ca),com.intuit.karate.ClientUiRunner.testApp,3.0,1.0,0.0,0.0,0.0,0,0.0,0,0.0,0.0,0.0,17.0,0.0,0.0,2.0,1.0,2.0,1.0,20.0,16.0,47.931716376863854,0,0,1,0.0,0.0
42,karate(2ca51aca126d691d87c09f3b476cbbaef58881ca),com.intuit.karate.FeatureServerRunner.testServer,5.0,1.0,0.0,0.0,3.0,0,0.0,1,0.0,0.0,0.0,20.0,0.0,0.0,3.0,1.0,4.0,3.0,30.0,20.0,68.02394763324311,0,0,1,0.0,0.0
42,karate(2ca51aca126d691d87c09f3b476cbbaef58881ca),com.intuit.karate.FeatureServerTest.beforeClass,6.0,2.0,0.0,0.0,3.0,3,0.0,1,2.0,0.0,0.0,157.0,49.0,2.0,18.0,35.0,35.0,21.0,479.0,101.0,623.3417603385024,0,0,0,0.0,0.0
42,karate(2ca51aca126d691d87c09f3b476cbbaef58881ca),com.intuit.karate.FeatureServerTest.testClient,3.0,1.0,0.0,0.0,0.0,0,0.0,0,0.0,0.0,0.0,157.0,49.0,2.0,18.0,35.0,35.0,21.0,479.0,101.0,623.3417603385024,0,0,0,0.0,0.0
42,karate(2ca51aca126d691d87c09f3b476cbbaef58881ca),com.intuit.karate.FeatureServerTest.afterClass,3.0,1.0,0.0,0.0,0.0,0,0.0,0,0.0,0.0,0.0,157.0,49.0,2.0,18.0,35.0,35.0,21.0,479.0,101.0,623.3417603385024,0,0,0,0.0,0.0
42,karate(2ca51aca126d691d87c09f3b476cbbaef58881ca),com.intuit.karate.HelpRunner.testMain,3.0,1.0,0.0,0.0,0.0,0,0.0,0,0.0,0.0,0.0,16.0,0.0,0.0,1.0,1.0,2.0,1.0,21.0,17.0,51.75688144129819,0,0,1,0.0,0.0
42,karate(2ca51aca126d691d87c09f3b476cbbaef58881ca),com.intuit.karate.MainRunner.testMain,3.0,1.0,0.0,0.0,0.0,0,0.0,0,0.0,0.0,0.0,16.0,0.0,0.0,1.0,1.0,2.0,1.0,21.0,17.0,51.75688144129819,0,0,1,0.0,0.0
42,karate(2ca51aca126d691d87c09f3b476cbbaef58881ca),com.intuit.karate.MainSslRunner.testMain,3.0,1.0,0.0,0.0,0.0,0,0.0,0,0.0,0.0,0.0,16.0,0.0,0.0,1.0,1.0,2.0,1.0,21.0,17.0,51.75688144129819,0,0,1,0.0,0.0
42,karate(2ca51aca126d691d87c09f3b476cbbaef58881ca),com.intuit.karate.MainTestRunner.testMain,4.0,1.0,0.0,0.0,0.0,0,0.0,0,0.0,0.0,0.0,16.0,0.0,0.0,1.0,1.0,2.0,1.0,21.0,17.0,51.75688144129819,0,0,1,0.0,0.0
42,karate(2ca51aca126d691d87c09f3b476cbbaef58881ca),com.intuit.karate.MainTestRunner.testScenarioName,4.0,1.0,0.0,0.0,0.0,0,0.0,0,0.0,0.0,0.0,16.0,0.0,0.0,1.0,1.0,2.0,1.0,21.0,17.0,51.75688144129819,0,0,1,0.0,0.0
42,karate(2ca51aca126d691d87c09f3b476cbbaef58881ca),com.intuit.karate.MainTestRunner.testScenarioLine,4.0,1.0,0.0,0.0,0.0,0,0.0,0,0.0,0.0,0.0,16.0,0.0,0.0,1.0,1.0,2.0,1.0,21.0,17.0,51.75688144129819,0,0,1,0.0,0.0
42,karate(2ca51aca126d691d87c09f3b476cbbaef58881ca),com.intuit.karate.core.FeatureBackendTest.getRequest,3.0,2.0,0.0,0.0,0.0,0,0.0,0,0.0,0.0,0.0,259.0,10.0,1.0,18.0,20.0,33.0,25.0,573.0,135.0,857.3695717564899,0,0,0,0.0,0.0
42,karate(2ca51aca126d691d87c09f3b476cbbaef58881ca),com.intuit.karate.core.FeatureBackendTest.testServer,11.0,1.0,0.0,0.0,3.0,1,0.0,1,0.0,0.0,0.0,259.0,10.0,1.0,18.0,20.0,33.0,25.0,573.0,135.0,857.3695717564899,0,0,0,0.0,0.0
42,karate(2ca51aca126d691d87c09f3b476cbbaef58881ca),com.intuit.karate.core.FeatureParserTest.execute,4.0,2.0,0.0,0.0,0.0,3,0.0,0,0.0,0.0,0.0,352.0,99.0,4.0,22.0,57.0,166.0,147.0,1616.0,321.0,2371.454665745014,0,0,0,0.0,0.0
42,karate(2ca51aca126d691d87c09f3b476cbbaef58881ca),com.intuit.karate.core.FeatureParserTest.testEngineForSimpleFeature,10.0,1.0,0.0,0.0,0.0,0,0.0,0,0.0,0.0,0.0,352.0,99.0,4.0,22.0,57.0,166.0,147.0,1616.0,321.0,2371.454665745014,0,0,0,0.0,0.0
42,karate(2ca51aca126d691d87c09f3b476cbbaef58881ca),com.intuit.karate.core.FeatureParserTest.testEngineForSimpleFeatureWithBackground,6.0,1.0,0.0,1.0,0.0,0,0.0,0,0.0,0.0,0.0,352.0,99.0,4.0,22.0,57.0,166.0,147.0,1616.0,321.0,2371.454665745014,0,0,0,0.0,0.0
42,karate(2ca51aca126d691d87c09f3b476cbbaef58881ca),com.intuit.karate.core.FeatureParserTest.testEngineForError,5.0,1.0,0.0,0.0,0.0,0,0.0,0,0.0,0.0,0.0,352.0,99.0,4.0,22.0,57.0,166.0,147.0,1616.0,321.0,2371.454665745014,0,0,0,0.0,0.0
42,karate(2ca51aca126d691d87c09f3b476cbbaef58881ca),com.intuit.karate.core.FeatureParserTest.testParsingFeatureDescription,5.0,1.0,0.2,0.0,0.0,3,0.0,0,0.0,0.0,0.0,352.0,99.0,4.0,22.0,57.0,166.0,147.0,1616.0,321.0,2371.454665745014,0,0,0,0.0,0.0
42,karate(2ca51aca126d691d87c09f3b476cbbaef58881ca),com.intuit.karate.core.FeatureParserTest.testFeatureWithIgnore,4.0,1.0,0.0,1.0,0.0,0,0.0,0,0.0,0.0,0.0,352.0,99.0,4.0,22.0,57.0,166.0,147.0,1616.0,321.0,2371.454665745014,0,0,0,0.0,0.0
42,karate(2ca51aca126d691d87c09f3b476cbbaef58881ca),com.intuit.karate.core.FeatureParserTest.testScenarioWithIgnore,4.0,1.0,0.0,1.0,0.0,0,0.0,0,0.0,0.0,0.0,352.0,99.0,4.0,22.0,57.0,166.0,147.0,1616.0,321.0,2371.454665745014,0,0,0,0.0,0.0
42,karate(2ca51aca126d691d87c09f3b476cbbaef58881ca),com.intuit.karate.core.FeatureParserTest.testDefDocString,6.0,2.0,0.0,0.0,0.0,0,0.0,0,1.0,0.0,0.0,352.0,99.0,4.0,22.0,57.0,166.0,147.0,1616.0,321.0,2371.454665745014,0,0,0,0.0,0.0
42,karate(2ca51aca126d691d87c09f3b476cbbaef58881ca),com.intuit.karate.core.FeatureParserTest.testSetTable,5.0,1.0,0.0,0.0,0.0,0,0.0,0,0.0,0.0,0.0,352.0,99.0,4.0,22.0,57.0,166.0,147.0,1616.0,321.0,2371.454665745014,0,0,0,0.0,0.0
42,karate(2ca51aca126d691d87c09f3b476cbbaef58881ca),com.intuit.karate.core.FeatureParserTest.testEmptyFeature,10.0,2.0,0.0,0.0,0.0,0,0.0,0,0.0,0.0,0.0,352.0,99.0,4.0,22.0,57.0,166.0,147.0,1616.0,321.0,2371.454665745014,0,0,0,0.0,0.0
42,karate(2ca51aca126d691d87c09f3b476cbbaef58881ca),com.intuit.karate.core.FeatureParserTest.testEmptyFirstLine,11.0,1.0,0.0,0.0,0.0,0,0.0,0,0.0,0.0,0.0,352.0,99.0,4.0,22.0,57.0,166.0,147.0,1616.0,321.0,2371.454665745014,0,0,0,0.0,0.0
42,karate(2ca51aca126d691d87c09f3b476cbbaef58881ca),com.intuit.karate.core.FeatureParserTest.testFeatureHeaderOnly,3.0,1.0,0.0,0.0,0.0,0,0.0,0,0.0,0.0,0.0,352.0,99.0,4.0,22.0,57.0,166.0,147.0,1616.0,321.0,2371.454665745014,0,0,0,0.0,0.0
42,karate(2ca51aca126d691d87c09f3b476cbbaef58881ca),com.intuit.karate.core.FeatureParserTest.testTablePipe,5.0,1.0,0.0,0.0,0.0,0,0.0,0,0.0,0.0,0.0,352.0,99.0,4.0,22.0,57.0,166.0,147.0,1616.0,321.0,2371.454665745014,0,0,0,0.0,0.0
42,karate(2ca51aca126d691d87c09f3b476cbbaef58881ca),com.intuit.karate.core.FeatureParserTest.testOutlineName,6.0,1.0,0.0,0.0,0.0,0,0.0,0,0.0,0.0,0.0,352.0,99.0,4.0,22.0,57.0,166.0,147.0,1616.0,321.0,2371.454665745014,0,0,0,0.0,0.0
42,karate(2ca51aca126d691d87c09f3b476cbbaef58881ca),com.intuit.karate.core.FeatureParserTest.testTagsMultiline,5.0,1.0,0.0,0.0,0.0,0,0.0,0,0.0,0.0,0.0,352.0,99.0,4.0,22.0,57.0,166.0,147.0,1616.0,321.0,2371.454665745014,0,0,0,0.0,0.0
42,karate(2ca51aca126d691d87c09f3b476cbbaef58881ca),com.intuit.karate.core.FeatureParserTest.testEdgeCases,3.0,2.0,0.0,0.0,0.0,0,0.0,0,0.0,0.0,0.0,352.0,99.0,4.0,22.0,57.0,166.0,147.0,1616.0,321.0,2371.454665745014,0,0,0,0.0,0.0
42,karate(2ca51aca126d691d87c09f3b476cbbaef58881ca),com.intuit.karate.core.FeatureParserTest.testOutlineDynamic,7.0,1.0,0.0,1.0,0.0,0,0.0,0,0.0,0.0,0.0,352.0,99.0,4.0,22.0,57.0,166.0,147.0,1616.0,321.0,2371.454665745014,0,0,0,0.0,0.0
42,karate(2ca51aca126d691d87c09f3b476cbbaef58881ca),com.intuit.karate.core.FeatureParserTest.testStepEditing,7.0,1.0,0.14285714285714285,0.0,0.0,4,0.0,0,0.0,0.0,0.0,352.0,99.0,4.0,22.0,57.0,166.0,147.0,1616.0,321.0,2371.454665745014,0,0,0,0.0,0.0
42,karate(2ca51aca126d691d87c09f3b476cbbaef58881ca),com.intuit.karate.core.FeatureParserTest.testEmptyBackground,6.0,1.0,0.0,1.0,0.0,0,0.0,0,0.0,0.0,0.0,352.0,99.0,4.0,22.0,57.0,166.0,147.0,1616.0,321.0,2371.454665745014,0,0,0,0.0,0.0
42,karate(2ca51aca126d691d87c09f3b476cbbaef58881ca),com.intuit.karate.core.FeatureParserTest.testHide,15.0,1.0,0.5333333333333333,6.0,0.0,3,0.0,0,0.0,0.0,0.0,352.0,99.0,4.0,22.0,57.0,166.0,147.0,1616.0,321.0,2371.454665745014,0,0,0,0.0,0.0
42,karate(2ca51aca126d691d87c09f3b476cbbaef58881ca),com.intuit.karate.core.FeatureResultTest.result,4.0,2.0,0.0,0.0,0.0,0,0.0,0,0.0,0.0,0.0,238.0,208.0,2.0,11.0,59.0,77.0,52.0,888.0,199.0,1351.005376855442,0,0,0,0.0,0.0
42,karate(2ca51aca126d691d87c09f3b476cbbaef58881ca),com.intuit.karate.core.FeatureResultTest.xml,4.0,2.0,0.0,0.0,2.0,0,0.0,1,0.0,0.0,0.0,238.0,208.0,2.0,11.0,59.0,77.0,52.0,888.0,199.0,1351.005376855442,0,0,0,0.0,0.0
42,karate(2ca51aca126d691d87c09f3b476cbbaef58881ca),com.intuit.karate.core.FeatureResultTest.testFailureMultiScenarioFeature,14.0,2.0,1.2142857142857142,2.0,0.0,2,0.0,0,0.0,0.0,0.0,238.0,208.0,2.0,11.0,59.0,77.0,52.0,888.0,199.0,1351.005376855442,0,0,0,0.0,0.0
42,karate(2ca51aca126d691d87c09f3b476cbbaef58881ca),com.intuit.karate.core.FeatureResultTest.testAbortMultiScenarioFeature,11.0,2.0,0.9090909090909091,2.0,0.0,2,0.0,0,0.0,0.0,0.0,238.0,208.0,2.0,11.0,59.0,77.0,52.0,888.0,199.0,1351.005376855442,0,0,0,0.0,0.0
42,karate(2ca51aca126d691d87c09f3b476cbbaef58881ca),com.intuit.karate.core.TagsTest.testCucumberOptionsTagsConversion,7.0,2.0,0.5714285714285714,0.0,0.0,2,0.0,0,0.0,0.0,0.0,253.0,50.0,3.0,15.0,51.0,64.0,47.0,1195.0,211.0,1495.125208981144,0,0,0,0.0,0.0
42,karate(2ca51aca126d691d87c09f3b476cbbaef58881ca),com.intuit.karate.core.TagsTest.eval,8.0,3.0,0.0,0.0,0.0,1,0.0,0,1.0,0.0,0.0,253.0,50.0,3.0,15.0,51.0,64.0,47.0,1195.0,211.0,1495.125208981144,0,0,0,0.0,0.0
42,karate(2ca51aca126d691d87c09f3b476cbbaef58881ca),com.intuit.karate.core.TagsTest.testTagSelectors,23.0,2.0,0.8695652173913043,1.0,0.0,0,0.0,0,0.0,0.0,0.0,253.0,50.0,3.0,15.0,51.0,64.0,47.0,1195.0,211.0,1495.125208981144,0,0,0,0.0,0.0
42,karate(2ca51aca126d691d87c09f3b476cbbaef58881ca),com.intuit.karate.core.TagsTest.testTagValueSelectors,22.0,2.0,0.8636363636363636,0.0,0.0,0,0.0,0,0.0,0.0,0.0,253.0,50.0,3.0,15.0,51.0,64.0,47.0,1195.0,211.0,1495.125208981144,0,0,0,0.0,0.0
42,karate(2ca51aca126d691d87c09f3b476cbbaef58881ca),com.intuit.karate.core.TagTest.testGetLine,3.0,1.0,0.0,1.0,0.0,1,0.0,0,0.0,0.0,0.0,100.0,2.0,2.0,3.0,18.0,15.0,7.0,284.0,66.0,372.8322997186396,0,0,0,0.0,0.0
42,karate(2ca51aca126d691d87c09f3b476cbbaef58881ca),com.intuit.karate.core.TagTest.testGetText,3.0,1.0,0.0,0.0,0.0,1,0.0,0,0.0,0.0,0.0,100.0,2.0,2.0,3.0,18.0,15.0,7.0,284.0,66.0,372.8322997186396,0,0,0,0.0,0.0
42,karate(2ca51aca126d691d87c09f3b476cbbaef58881ca),com.intuit.karate.core.TagTest.testGetName,3.0,1.0,0.0,0.0,0.0,1,0.0,0,0.0,0.0,0.0,100.0,2.0,2.0,3.0,18.0,15.0,7.0,284.0,66.0,372.8322997186396,0,0,0,0.0,0.0
42,karate(2ca51aca126d691d87c09f3b476cbbaef58881ca),com.intuit.karate.core.TagTest.testGetValues,3.0,1.0,0.0,0.0,0.0,1,0.0,0,0.0,0.0,0.0,100.0,2.0,2.0,3.0,18.0,15.0,7.0,284.0,66.0,372.8322997186396,0,0,0,0.0,0.0
42,karate(2ca51aca126d691d87c09f3b476cbbaef58881ca),com.intuit.karate.core.TagTest.testToString,5.0,1.0,0.4,0.0,0.0,1,3.0,0,0.0,0.0,0.0,100.0,2.0,2.0,3.0,18.0,15.0,7.0,284.0,66.0,372.8322997186396,0,0,0,0.0,0.0
42,karate(2ca51aca126d691d87c09f3b476cbbaef58881ca),com.intuit.karate.core.TagTest.testHashcode,3.0,1.0,0.0,1.0,0.0,1,0.0,0,0.0,0.0,0.0,100.0,2.0,2.0,3.0,18.0,15.0,7.0,284.0,66.0,372.8322997186396,0,0,0,0.0,0.0
42,karate(2ca51aca126d691d87c09f3b476cbbaef58881ca),com.intuit.karate.core.TagTest.testEquals,6.0,1.0,0.5,2.0,0.0,1,0.0,0,0.0,0.0,0.0,100.0,2.0,2.0,3.0,18.0,15.0,7.0,284.0,66.0,372.8322997186396,0,0,0,0.0,0.0
42,karate(2ca51aca126d691d87c09f3b476cbbaef58881ca),com.intuit.karate.formats.postman.RequestBuilderTest.testConverting,20.0,2.0,0.2,1.0,1.0,8,0.0,0,1.0,0.0,0.0,107.0,8.0,1.0,2.0,31.0,19.0,10.0,332.0,90.0,522.462147202484,0,0,0,0.0,0.0
42,karate(2ca51aca126d691d87c09f3b476cbbaef58881ca),com.intuit.karate.formats.selenium.SideConverterTest.readSideProject,22.0,2.0,0.7727272727272727,5.0,14.0,2,0.0,2,4.0,0.0,0.0,58.0,1.0,0.0,5.0,5.0,6.0,4.0,68.0,35.0,147.68276968116373,0,0,2,0.0,0.0
42,karate(2ca51aca126d691d87c09f3b476cbbaef58881ca),com.intuit.karate.http.HttpClientTest.getContext,5.0,3.0,0.0,0.0,0.0,0,0.0,0,1.0,0.0,0.0,286.0,134.0,2.0,14.0,43.0,85.0,68.0,1738.0,278.0,2074.0163050194437,0,0,0,0.0,0.0
42,karate(2ca51aca126d691d87c09f3b476cbbaef58881ca),com.intuit.karate.http.HttpClientTest.testSwappingHttpClient,10.0,1.0,0.0,0.0,0.0,4,0.0,0,0.0,0.0,0.0,286.0,134.0,2.0,14.0,43.0,85.0,68.0,1738.0,278.0,2074.0163050194437,0,0,0,0.0,0.0
42,karate(2ca51aca126d691d87c09f3b476cbbaef58881ca),com.intuit.karate.http.HttpRequestBuilderTest.testRemoveHeaderIgnoreCase,7.0,1.0,0.0,0.0,0.0,4,0.0,0,0.0,0.0,0.0,306.0,628.0,3.0,7.0,83.0,70.0,30.0,1111.0,183.0,1283.3818895040524,0,0,0,0.0,0.0
42,karate(2ca51aca126d691d87c09f3b476cbbaef58881ca),com.intuit.karate.http.HttpUtilsTest.testParseContentTypeCharset,6.0,1.0,0.5,0.0,4.0,1,0.0,0,0.0,0.0,0.0,268.0,78.0,1.0,23.0,48.0,66.0,53.0,1318.0,241.0,1731.3128423300511,12,0,0,0.0,0.0
42,karate(2ca51aca126d691d87c09f3b476cbbaef58881ca),com.intuit.karate.http.HttpUtilsTest.testParseContentTypeParams,14.0,1.0,0.0,1.0,0.0,1,0.0,0,0.0,0.0,0.0,268.0,78.0,1.0,23.0,48.0,66.0,53.0,1318.0,241.0,1731.3128423300511,12,0,0,0.0,0.0
42,karate(2ca51aca126d691d87c09f3b476cbbaef58881ca),com.intuit.karate.http.HttpUtilsTest.testParseUriPathPatterns,14.0,1.0,0.0,0.0,0.0,1,0.0,0,0.0,0.0,0.0,268.0,78.0,1.0,23.0,48.0,66.0,53.0,1318.0,241.0,1731.3128423300511,12,0,0,0.0,0.0
42,karate(2ca51aca126d691d87c09f3b476cbbaef58881ca),com.intuit.karate.http.HttpUtilsTest.testParseCookieString,6.0,1.0,0.0,0.0,0.0,1,0.0,0,0.0,0.0,0.0,268.0,78.0,1.0,23.0,48.0,66.0,53.0,1318.0,241.0,1731.3128423300511,12,0,0,0.0,0.0
42,karate(2ca51aca126d691d87c09f3b476cbbaef58881ca),com.intuit.karate.http.HttpUtilsTest.testCreateCookieString,6.0,1.0,0.0,0.0,0.0,1,0.0,0,0.0,0.0,0.0,268.0,78.0,1.0,23.0,48.0,66.0,53.0,1318.0,241.0,1731.3128423300511,12,0,0,0.0,0.0
42,karate(2ca51aca126d691d87c09f3b476cbbaef58881ca),com.intuit.karate.http.HttpUtilsTest.testUriParsing,20.0,1.0,0.0,0.0,0.0,1,0.0,0,0.0,0.0,0.0,268.0,78.0,1.0,23.0,48.0,66.0,53.0,1318.0,241.0,1731.3128423300511,12,0,0,0.0,0.0
42,karate(2ca51aca126d691d87c09f3b476cbbaef58881ca),com.intuit.karate.netty.WebSocketClientRunner.testWebSockets,2.0,2.0,0.0,0.0,0.0,0,0.0,0,0.0,0.0,0.0,35.0,0.0,1.0,4.0,2.0,1.0,0.0,29.0,24.0,80.81509991967538,0,0,1,0.0,0.0
42,karate(2ca51aca126d691d87c09f3b476cbbaef58881ca),com.intuit.karate.validator.ValidatorTest.testSimpleValidators,56.0,1.0,0.8392857142857143,48.0,0.0,1,0.0,0,0.0,0.0,0.0,13.0,0.0,0.0,1.0,1.0,1.0,0.0,15.0,14.0,37.91270281543094,0,0,1,0.0,0.0
42,karate(2ca51aca126d691d87c09f3b476cbbaef58881ca),com.intuit.karate.validator.ValidatorTest.testRegexValidator,13.0,1.0,0.6153846153846154,4.0,0.0,1,0.0,0,0.0,0.0,0.0,13.0,0.0,0.0,1.0,1.0,1.0,0.0,15.0,14.0,37.91270281543094,0,0,1,0.0,0.0
42,karate(2ca51aca126d691d87c09f3b476cbbaef58881ca),com.intuit.karate.validator.ValidatorTest.testUuidValidator,6.0,1.0,0.3333333333333333,0.0,0.0,1,0.0,0,0.0,0.0,0.0,13.0,0.0,0.0,1.0,1.0,1.0,0.0,15.0,14.0,37.91270281543094,0,0,1,0.0,0.0
42,karate(2ca51aca126d691d87c09f3b476cbbaef58881ca),demo.abort.AbortRunner.beforeClass,3.0,2.0,0.0,0.0,0.0,0,0.0,0,2.0,0.0,0.0,20.0,0.0,0.0,3.0,2.0,2.0,1.0,22.0,17.0,52.54772170709137,0,0,1,0.0,0.0
42,karate(2ca51aca126d691d87c09f3b476cbbaef58881ca),demo.callfeature.CallFeatureUiRunner.testApp,3.0,1.0,0.0,0.0,0.0,0,0.0,0,0.0,0.0,0.0,17.0,0.0,0.0,2.0,1.0,2.0,1.0,20.0,16.0,47.931716376863854,0,0,1,0.0,0.0
42,karate(2ca51aca126d691d87c09f3b476cbbaef58881ca),demo.cats.CatsJava.testMatchingUsingPojos,25.0,4.0,0.04,2.0,0.0,1,0.0,0,3.0,0.0,0.0,95.0,1.0,0.0,3.0,9.0,15.0,13.0,333.0,67.0,389.14554682868976,0,0,2,0.0,0.0
42,karate(2ca51aca126d691d87c09f3b476cbbaef58881ca),demo.cats.CatsJava.hasKitten,17.0,5.0,0.0,0.0,0.0,0,0.0,0,6.0,0.0,0.0,95.0,1.0,0.0,3.0,9.0,15.0,13.0,333.0,67.0,389.14554682868976,0,0,2,0.0,0.0
42,karate(2ca51aca126d691d87c09f3b476cbbaef58881ca),demo.cats.CatsUiRunner.testApp,3.0,1.0,0.0,0.0,0.0,0,0.0,0,0.0,0.0,0.0,40.0,0.0,0.0,2.0,1.0,2.0,1.0,20.0,16.0,47.931716376863854,0,0,1,0.0,0.0
42,karate(2ca51aca126d691d87c09f3b476cbbaef58881ca),demo.JerseyHttpClientTest.testJerseyClient,2.0,2.0,0.0,0.0,0.0,0,0.0,0,0.0,0.0,0.0,249.0,42.0,3.0,36.0,30.0,82.0,69.0,755.0,172.0,1139.7954528708324,0,0,0,0.0,0.0
42,karate(2ca51aca126d691d87c09f3b476cbbaef58881ca),demo.MockSpringMvcServletTest.testSpringBootDemo,2.0,2.0,0.0,0.0,0.0,0,0.0,0,0.0,0.0,0.0,85.0,0.0,1.0,9.0,11.0,8.0,3.0,173.0,61.0,314.35078726436456,0,0,0,0.0,0.0
42,karate(2ca51aca126d691d87c09f3b476cbbaef58881ca),demo.dsl.DslRunner.beforeClass,3.0,2.0,0.0,0.0,0.0,0,0.0,0,2.0,0.0,0.0,22.0,0.0,0.0,4.0,2.0,2.0,1.0,23.0,18.0,56.438895886724694,0,0,1,0.0,0.0
42,karate(2ca51aca126d691d87c09f3b476cbbaef58881ca),demo.embed.EmbedRunner.beforeClass,3.0,2.0,0.0,0.0,0.0,0,0.0,0,2.0,0.0,0.0,20.0,0.0,0.0,3.0,2.0,2.0,1.0,22.0,17.0,52.54772170709137,0,0,1,0.0,0.0
42,karate(2ca51aca126d691d87c09f3b476cbbaef58881ca),demo.encoding.EncodingParallelRunner.beforeClass,3.0,3.0,0.0,0.0,0.0,0,0.0,0,3.0,0.0,0.0,32.0,1.0,0.0,8.0,4.0,11.0,9.0,51.0,29.0,114.02294334900544,0,0,2,0.0,0.0
42,karate(2ca51aca126d691d87c09f3b476cbbaef58881ca),demo.encoding.EncodingParallelRunner.testParallel,6.0,1.0,0.0,1.0,0.0,0,0.0,0,0.0,0.0,0.0,32.0,1.0,0.0,8.0,4.0,11.0,9.0,51.0,29.0,114.02294334900544,0,0,2,0.0,0.0
42,karate(2ca51aca126d691d87c09f3b476cbbaef58881ca),demo.graphql.GraphqlStandaloneRunner.beforeClass,3.0,2.0,0.0,0.0,0.0,0,0.0,0,2.0,0.0,0.0,11.0,0.0,0.0,1.0,0.0,0.0,0.0,11.0,11.0,26.376848000782076,0,0,0,0.0,0.0
42,karate(2ca51aca126d691d87c09f3b476cbbaef58881ca),demo.hooks.CalledRunner.beforeClass,3.0,2.0,0.0,0.0,0.0,0,0.0,0,2.0,0.0,0.0,22.0,0.0,0.0,4.0,2.0,2.0,1.0,23.0,18.0,56.438895886724694,0,0,1,0.0,0.0
42,karate(2ca51aca126d691d87c09f3b476cbbaef58881ca),demo.hooks.HooksRunner.beforeClass,3.0,2.0,0.0,0.0,0.0,0,0.0,0,2.0,0.0,0.0,22.0,0.0,0.0,4.0,2.0,2.0,1.0,23.0,18.0,56.438895886724694,0,0,1,0.0,0.0
42,karate(2ca51aca126d691d87c09f3b476cbbaef58881ca),demo.java.CatsJavaUiRunner.testApp,3.0,1.0,0.0,0.0,0.0,0,0.0,0,0.0,0.0,0.0,17.0,0.0,0.0,2.0,1.0,2.0,1.0,20.0,16.0,47.931716376863854,0,0,1,0.0,0.0
42,karate(2ca51aca126d691d87c09f3b476cbbaef58881ca),demo.oauth.Oauth2Runner.beforeClass,3.0,2.0,0.0,0.0,0.0,0,0.0,0,2.0,0.0,0.0,18.0,0.0,0.0,4.0,2.0,2.0,1.0,18.0,13.0,37.57483285265014,0,0,1,0.0,0.0
42,karate(2ca51aca126d691d87c09f3b476cbbaef58881ca),demo.outline.DynamicUiRunner.testApp,3.0,1.0,0.0,0.0,0.0,0,0.0,0,0.0,0.0,0.0,17.0,0.0,0.0,2.0,1.0,2.0,1.0,20.0,16.0,47.931716376863854,0,0,1,0.0,0.0
42,karate(2ca51aca126d691d87c09f3b476cbbaef58881ca),demo.outline.ExamplesUiRunner.testApp,3.0,1.0,0.0,0.0,0.0,0,0.0,0,0.0,0.0,0.0,17.0,0.0,0.0,2.0,1.0,2.0,1.0,20.0,16.0,47.931716376863854,0,0,1,0.0,0.0
42,karate(2ca51aca126d691d87c09f3b476cbbaef58881ca),demo.schema.SchemaRunner.beforeClass,3.0,2.0,0.0,0.0,0.0,0,0.0,0,2.0,0.0,0.0,20.0,0.0,0.0,3.0,2.0,2.0,1.0,22.0,17.0,52.54772170709137,0,0,1,0.0,0.0
42,karate(2ca51aca126d691d87c09f3b476cbbaef58881ca),demo.tags.TagsFireRunner.beforeClass,3.0,2.0,0.0,0.0,0.0,0,0.0,0,2.0,0.0,0.0,22.0,0.0,0.0,4.0,2.0,2.0,1.0,23.0,18.0,56.438895886724694,0,0,1,0.0,0.0
42,karate(2ca51aca126d691d87c09f3b476cbbaef58881ca),demo.tags.TagsRunner.beforeClass,3.0,2.0,0.0,0.0,0.0,0,0.0,0,2.0,0.0,0.0,20.0,0.0,0.0,3.0,2.0,2.0,1.0,22.0,17.0,52.54772170709137,0,0,1,0.0,0.0
42,karate(2ca51aca126d691d87c09f3b476cbbaef58881ca),demo.tags.TagsSmokeNotFireRunner.beforeClass,3.0,2.0,0.0,0.0,0.0,0,0.0,0,2.0,0.0,0.0,22.0,0.0,0.0,4.0,2.0,2.0,1.0,23.0,18.0,56.438895886724694,0,0,1,0.0,0.0
42,karate(2ca51aca126d691d87c09f3b476cbbaef58881ca),demo.tags.TagsSmokeRunner.beforeClass,3.0,2.0,0.0,0.0,0.0,0,0.0,0,2.0,0.0,0.0,22.0,0.0,0.0,4.0,2.0,2.0,1.0,23.0,18.0,56.438895886724694,0,0,1,0.0,0.0
42,karate(2ca51aca126d691d87c09f3b476cbbaef58881ca),demo.unit.UnitRunner.beforeClass,3.0,2.0,0.0,0.0,0.0,0,0.0,0,2.0,0.0,0.0,20.0,0.0,0.0,3.0,2.0,2.0,1.0,22.0,17.0,52.54772170709137,0,0,1,0.0,0.0
42,karate(2ca51aca126d691d87c09f3b476cbbaef58881ca),demo.websocket.EchoRunner.beforeClass,3.0,2.0,0.0,0.0,0.0,0,0.0,0,2.0,0.0,0.0,22.0,0.0,0.0,4.0,2.0,2.0,1.0,23.0,18.0,56.438895886724694,0,0,1,0.0,0.0
42,karate(2ca51aca126d691d87c09f3b476cbbaef58881ca),demo.websocket.WebSocketClientRunner.beforeClass,3.0,3.0,0.0,0.0,0.0,0,0.0,0,3.0,0.0,0.0,35.0,0.0,1.0,4.0,2.0,1.0,0.0,29.0,24.0,80.81509991967538,0,0,1,0.0,0.0
42,karate(2ca51aca126d691d87c09f3b476cbbaef58881ca),demo.websocket.WebSocketClientRunner.testWebSocketClient,2.0,2.0,0.0,0.0,0.0,0,0.0,0,0.0,0.0,0.0,35.0,0.0,1.0,4.0,2.0,1.0,0.0,29.0,24.0,80.81509991967538,0,0,1,0.0,0.0
42,karate(2ca51aca126d691d87c09f3b476cbbaef58881ca),driver.core.MockRunner.testStart,5.0,1.0,0.0,0.0,3.0,0,0.0,1,0.0,0.0,0.0,21.0,0.0,0.0,4.0,1.0,4.0,3.0,30.0,20.0,68.02394763324311,0,0,1,0.0,0.0
42,karate(2ca51aca126d691d87c09f3b476cbbaef58881ca),driver.demo.Demo01JavaRunner.testChrome,14.0,2.0,0.07142857142857142,0.0,0.0,0,0.0,0,0.0,0.0,0.0,34.0,0.0,0.0,6.0,2.0,11.0,10.0,79.0,40.0,174.77791409868087,0,0,1,0.0,0.0
42,karate(2ca51aca126d691d87c09f3b476cbbaef58881ca),driver.demo.Demo01Runner.beforeClass,3.0,2.0,0.0,0.0,0.0,0,0.0,0,2.0,0.0,0.0,17.0,0.0,0.0,4.0,2.0,2.0,1.0,18.0,13.0,37.57483285265014,0,0,1,0.0,0.0
42,karate(2ca51aca126d691d87c09f3b476cbbaef58881ca),driver.demo.Demo01UiRunner.testApp,3.0,1.0,0.0,0.0,0.0,0,0.0,0,0.0,0.0,0.0,17.0,0.0,0.0,2.0,1.0,2.0,1.0,20.0,16.0,47.931716376863854,0,0,1,0.0,0.0
42,karate(2ca51aca126d691d87c09f3b476cbbaef58881ca),driver.screenshot.ChromeFullPageRunner.testChrome,9.0,2.0,0.0,0.0,6.0,0,0.0,0,0.0,0.0,0.0,30.0,0.0,0.0,7.0,2.0,7.0,6.0,57.0,32.0,129.3776405707056,0,0,1,0.0,0.0
42,karate(2ca51aca126d691d87c09f3b476cbbaef58881ca),driver.windows.CalcRunner.beforeClass,3.0,2.0,0.0,0.0,0.0,0,0.0,0,2.0,0.0,0.0,19.0,0.0,0.0,3.0,2.0,2.0,1.0,22.0,17.0,52.54772170709137,0,0,1,0.0,0.0
42,karate(2ca51aca126d691d87c09f3b476cbbaef58881ca),driver.windows.CalcUiRunner.testApp,3.0,1.0,0.0,0.0,0.0,0,0.0,0,0.0,0.0,0.0,40.0,0.0,0.0,2.0,1.0,2.0,1.0,20.0,16.0,47.931716376863854,0,0,1,0.0,0.0
42,karate(2ca51aca126d691d87c09f3b476cbbaef58881ca),mock.contract.QueueUtilsTest.testQueueOperations,2.0,2.0,0.0,0.0,0.0,0,0.0,0,0.0,0.0,0.0,57.0,3.0,0.0,9.0,6.0,6.0,3.0,115.0,48.0,227.75674216143602,0,0,0,0.0,0.0
42,karate(2ca51aca126d691d87c09f3b476cbbaef58881ca),mock.micro.CatsMockRunner.beforeClass,6.0,2.0,0.0,0.0,3.0,0,0.0,1,2.0,0.0,0.0,27.0,0.0,0.0,7.0,2.0,5.0,4.0,41.0,26.0,96.552873734312,0,0,1,0.0,0.0
42,karate(2ca51aca126d691d87c09f3b476cbbaef58881ca),mock.proxy.DemoMockProceedRunner.beforeClass,6.0,3.0,0.0,0.0,3.0,0,0.0,1,2.0,0.0,0.0,53.0,0.0,0.0,13.0,5.0,15.0,12.0,103.0,51.0,236.37117839971143,0,0,0,0.0,0.0
42,karate(2ca51aca126d691d87c09f3b476cbbaef58881ca),mock.proxy.DemoMockProceedRunner.afterClass,3.0,1.0,0.0,0.0,0.0,0,0.0,0,0.0,0.0,0.0,53.0,0.0,0.0,13.0,5.0,15.0,12.0,103.0,51.0,236.37117839971143,0,0,0,0.0,0.0
42,karate(2ca51aca126d691d87c09f3b476cbbaef58881ca),mock.proxy.DemoMockProceedRunner.testParallel,9.0,1.0,0.0,0.0,0.0,0,0.0,0,0.0,0.0,0.0,53.0,0.0,0.0,13.0,5.0,15.0,12.0,103.0,51.0,236.37117839971143,0,0,0,0.0,0.0
42,karate(2ca51aca126d691d87c09f3b476cbbaef58881ca),mock.proxy.DemoMockProxyRunner.beforeClass,6.0,3.0,0.0,0.0,3.0,0,0.0,1,2.0,0.0,0.0,54.0,0.0,1.0,13.0,5.0,15.0,12.0,108.0,52.0,243.47082381045942,0,0,0,0.0,0.0
42,karate(2ca51aca126d691d87c09f3b476cbbaef58881ca),mock.proxy.DemoMockProxyRunner.afterClass,3.0,1.0,0.0,0.0,0.0,0,0.0,0,0.0,0.0,0.0,54.0,0.0,1.0,13.0,5.0,15.0,12.0,108.0,52.0,243.47082381045942,0,0,0,0.0,0.0
42,karate(2ca51aca126d691d87c09f3b476cbbaef58881ca),mock.proxy.DemoMockProxyRunner.testParallel,9.0,1.0,0.0,0.0,0.0,0,0.0,0,0.0,0.0,0.0,54.0,0.0,1.0,13.0,5.0,15.0,12.0,108.0,52.0,243.47082381045942,0,0,0,0.0,0.0
42,karate(2ca51aca126d691d87c09f3b476cbbaef58881ca),mock.proxy.DemoMockRunner.beforeClass,4.0,2.0,0.0,0.0,3.0,0,0.0,1,2.0,0.0,0.0,48.0,0.0,0.0,10.0,4.0,13.0,10.0,93.0,46.0,208.4995766850498,0,0,0,0.0,0.0
42,karate(2ca51aca126d691d87c09f3b476cbbaef58881ca),mock.proxy.DemoMockRunner.afterClass,3.0,1.0,0.0,0.0,0.0,0,0.0,0,0.0,0.0,0.0,48.0,0.0,0.0,10.0,4.0,13.0,10.0,93.0,46.0,208.4995766850498,0,0,0,0.0,0.0
42,karate(2ca51aca126d691d87c09f3b476cbbaef58881ca),mock.proxy.DemoMockRunner.testParallel,10.0,1.0,0.0,0.0,0.0,0,0.0,0,0.0,0.0,0.0,48.0,0.0,0.0,10.0,4.0,13.0,10.0,93.0,46.0,208.4995766850498,0,0,0,0.0,0.0
42,karate(2ca51aca126d691d87c09f3b476cbbaef58881ca),mock.proxy.DemoMockSslRunner.beforeClass,4.0,2.0,0.0,0.0,3.0,0,0.0,1,2.0,0.0,0.0,48.0,0.0,0.0,10.0,4.0,13.0,10.0,93.0,46.0,208.4995766850498,0,0,0,0.0,0.0
42,karate(2ca51aca126d691d87c09f3b476cbbaef58881ca),mock.proxy.DemoMockSslRunner.afterClass,3.0,1.0,0.0,0.0,0.0,0,0.0,0,0.0,0.0,0.0,48.0,0.0,0.0,10.0,4.0,13.0,10.0,93.0,46.0,208.4995766850498,0,0,0,0.0,0.0
42,karate(2ca51aca126d691d87c09f3b476cbbaef58881ca),mock.proxy.DemoMockSslRunner.testParallel,10.0,1.0,0.0,0.0,0.0,0,0.0,0,0.0,0.0,0.0,48.0,0.0,0.0,10.0,4.0,13.0,10.0,93.0,46.0,208.4995766850498,0,0,0,0.0,0.0
42,karate(2ca51aca126d691d87c09f3b476cbbaef58881ca),mock.web.CatsMockRunner.beforeClass,3.0,2.0,0.0,0.0,0.0,0,0.0,0,2.0,0.0,0.0,27.0,0.0,0.0,7.0,2.0,5.0,4.0,41.0,26.0,96.552873734312,0,0,1,0.0,0.0
42,karate(2ca51aca126d691d87c09f3b476cbbaef58881ca),mock.web.CatsMockStarter.beforeClass,5.0,2.0,0.0,0.0,3.0,0,0.0,1,1.0,0.0,0.0,21.0,0.0,0.0,4.0,2.0,5.0,4.0,30.0,20.0,68.02394763324311,0,0,1,0.0,0.0
42,karate(2ca51aca126d691d87c09f3b476cbbaef58881ca),mock.web.CatsTestRunner.testMockOnPort8080,3.0,1.0,0.0,0.0,0.0,0,0.0,0,0.0,0.0,0.0,13.0,0.0,0.0,2.0,0.0,0.0,0.0,12.0,12.0,29.818879797456006,0,0,0,0.0,0.0
42,karate(2ca51aca126d691d87c09f3b476cbbaef58881ca),test.ServerStart.start,27.0,4.0,0.0,0.0,0.0,1,0.0,0,3.0,0.0,0.0,81.0,2.0,1.0,6.0,10.0,15.0,11.0,257.0,86.0,477.22054330098894,0,0,0,0.0,0.0
42,karate(2ca51aca126d691d87c09f3b476cbbaef58881ca),test.ServerStart.stop,3.0,2.0,0.0,0.0,0.0,0,0.0,0,0.0,0.0,0.0,81.0,2.0,1.0,6.0,10.0,15.0,11.0,257.0,86.0,477.22054330098894,0,0,0,0.0,0.0
42,karate(2ca51aca126d691d87c09f3b476cbbaef58881ca),test.ServerStart.getPort,3.0,2.0,0.0,0.0,0.0,0,0.0,0,0.0,0.0,0.0,81.0,2.0,1.0,6.0,10.0,15.0,11.0,257.0,86.0,477.22054330098894,0,0,0,0.0,0.0
42,karate(2ca51aca126d691d87c09f3b476cbbaef58881ca),test.ServerStart.startServer,3.0,2.0,0.0,0.0,0.0,0,0.0,0,0.0,0.0,0.0,81.0,2.0,1.0,6.0,10.0,15.0,11.0,257.0,86.0,477.22054330098894,0,0,0,0.0,0.0
42,karate(2ca51aca126d691d87c09f3b476cbbaef58881ca),test.ServerStop.stopServer,3.0,1.0,0.0,0.0,0.0,0,0.0,0,0.0,0.0,0.0,39.0,0.0,0.0,1.0,1.0,2.0,1.0,20.0,16.0,47.931716376863854,0,0,1,0.0,0.0
42,karate(2ca51aca126d691d87c09f3b476cbbaef58881ca),com.intuit.karate.junit4.Karate.Karate,18.0,4.0,0.0,0.0,2.0,0,0.0,0,2.0,0.0,0.0,136.0,11.0,1.0,25.0,23.0,35.0,28.0,384.0,124.0,737.8796765208781,0,0,0,0.0,0.0
42,karate(2ca51aca126d691d87c09f3b476cbbaef58881ca),com.intuit.karate.junit4.Karate.getChildren,3.0,2.0,0.0,0.0,0.0,0,0.0,0,0.0,0.0,0.0,136.0,11.0,1.0,25.0,23.0,35.0,28.0,384.0,124.0,737.8796765208781,0,0,0,0.0,0.0
42,karate(2ca51aca126d691d87c09f3b476cbbaef58881ca),com.intuit.karate.junit4.Karate.evaluate,2.0,2.0,0.0,0.0,0.0,0,0.0,0,0.0,0.0,0.0,136.0,11.0,1.0,25.0,23.0,35.0,28.0,384.0,124.0,737.8796765208781,0,0,0,0.0,0.0
42,karate(2ca51aca126d691d87c09f3b476cbbaef58881ca),com.intuit.karate.junit4.Karate.withBeforeClasses,8.0,5.0,0.0,0.0,0.0,0,0.0,0,4.0,0.0,0.0,136.0,11.0,1.0,25.0,23.0,35.0,28.0,384.0,124.0,737.8796765208781,0,0,0,0.0,0.0
42,karate(2ca51aca126d691d87c09f3b476cbbaef58881ca),com.intuit.karate.junit4.Karate.describeChild,15.0,6.0,0.0,0.0,0.0,2,0.0,0,4.0,0.0,0.0,136.0,11.0,1.0,25.0,23.0,35.0,28.0,384.0,124.0,737.8796765208781,0,0,0,0.0,0.0
42,karate(2ca51aca126d691d87c09f3b476cbbaef58881ca),com.intuit.karate.junit4.Karate.runChild,8.0,2.0,0.0,0.0,2.0,1,0.0,0,4.0,0.0,0.0,136.0,11.0,1.0,25.0,23.0,35.0,28.0,384.0,124.0,737.8796765208781,0,0,0,0.0,0.0
42,karate(2ca51aca126d691d87c09f3b476cbbaef58881ca),com.intuit.karate.junit4.Karate.run,3.0,2.0,0.0,0.0,0.0,0,0.0,0,3.0,0.0,0.0,136.0,11.0,1.0,25.0,23.0,35.0,28.0,384.0,124.0,737.8796765208781,0,0,0,0.0,0.0
42,karate(2ca51aca126d691d87c09f3b476cbbaef58881ca),com.intuit.karate.junit4.config.ConfigTest.testOverrideDir,6.0,1.0,0.0,0.0,0.0,0,0.0,0,0.0,0.0,0.0,433.0,976.0,1.0,5.0,92.0,61.0,12.0,464.0,237.0,1455.1526388776224,0,0,0,0.0,0.0
42,karate(2ca51aca126d691d87c09f3b476cbbaef58881ca),com.intuit.karate.junit4.config.ConfigTest.testOverrideEnvAndDir,6.0,1.0,0.0,0.0,0.0,0,0.0,0,0.0,0.0,0.0,433.0,976.0,1.0,5.0,92.0,61.0,12.0,464.0,237.0,1455.1526388776224,0,0,0,0.0,0.0
42,karate(2ca51aca126d691d87c09f3b476cbbaef58881ca),com.intuit.karate.junit4.config.ConfigTest.testOverrideEnv,4.0,1.0,0.0,0.0,0.0,0,0.0,0,0.0,0.0,0.0,433.0,976.0,1.0,5.0,92.0,61.0,12.0,464.0,237.0,1455.1526388776224,0,0,0,0.0,0.0
42,karate(2ca51aca126d691d87c09f3b476cbbaef58881ca),com.intuit.karate.junit4.demos.FailSkippedParallelRunner.testParallel,6.0,1.0,0.0,0.0,0.0,1,0.0,0,0.0,0.0,0.0,44.0,1.0,0.0,12.0,3.0,12.0,10.0,103.0,53.0,245.6406363761707,0,0,2,0.0,0.0
42,karate(2ca51aca126d691d87c09f3b476cbbaef58881ca),com.intuit.karate.junit4.demos.FailSkippedParallelRunner.generateReport,10.0,2.0,0.0,0.0,9.0,0,0.0,1,1.0,0.0,0.0,44.0,1.0,0.0,12.0,3.0,12.0,10.0,103.0,53.0,245.6406363761707,0,0,2,0.0,0.0
42,karate(2ca51aca126d691d87c09f3b476cbbaef58881ca),com.intuit.karate.junit4.demos.UiRunner.testUi,3.0,1.0,0.0,0.0,0.0,0,0.0,0,0.0,0.0,0.0,17.0,0.0,0.0,2.0,1.0,2.0,1.0,20.0,16.0,47.931716376863854,0,0,1,0.0,0.0
42,karate(2ca51aca126d691d87c09f3b476cbbaef58881ca),com.intuit.karate.junit4.large.LargePayloadRunner.createLargeXml,19.0,2.0,0.0,0.0,4.0,0,0.0,0,2.0,0.0,0.0,46.0,0.0,0.0,11.0,2.0,10.0,9.0,123.0,57.0,274.2945082562278,0,0,1,0.0,0.0
42,karate(2ca51aca126d691d87c09f3b476cbbaef58881ca),com.intuit.karate.junit4.syntax.SyntaxPerfRunner.testPerf,9.0,2.0,0.0,0.0,0.0,0,0.0,0,1.0,0.0,0.0,31.0,1.0,0.0,3.0,3.0,8.0,6.0,76.0,41.0,177.56006695173957,0,0,2,0.0,0.0
42,karate(2ca51aca126d691d87c09f3b476cbbaef58881ca),com.intuit.karate.junit4.syntax.SyntaxPerfRunner.main,3.0,1.0,0.0,0.0,0.0,0,0.0,0,0.0,0.0,0.0,31.0,1.0,0.0,3.0,3.0,8.0,6.0,76.0,41.0,177.56006695173957,0,0,2,0.0,0.0
42,karate(2ca51aca126d691d87c09f3b476cbbaef58881ca),com.intuit.karate.mock.BinaryRunner.beforeClass,6.0,2.0,0.0,0.0,3.0,0,0.0,1,2.0,0.0,0.0,11.0,0.0,0.0,1.0,0.0,0.0,0.0,11.0,11.0,26.376848000782076,0,0,0,0.0,0.0
42,karate(2ca51aca126d691d87c09f3b476cbbaef58881ca),com.intuit.karate.mock.CookiesRunner.beforeClass,6.0,2.0,0.0,0.0,3.0,0,0.0,1,2.0,0.0,0.0,11.0,0.0,0.0,1.0,0.0,0.0,0.0,11.0,11.0,26.376848000782076,0,0,0,0.0,0.0
42,karate(2ca51aca126d691d87c09f3b476cbbaef58881ca),com.intuit.karate.mock.DownloadRunner.beforeClass,6.0,2.0,0.0,0.0,3.0,0,0.0,1,2.0,0.0,0.0,29.0,0.0,0.0,7.0,2.0,5.0,4.0,44.0,28.0,105.95730974971131,0,0,1,0.0,0.0
42,karate(2ca51aca126d691d87c09f3b476cbbaef58881ca),com.intuit.karate.mock.FormRunner.beforeClass,6.0,2.0,0.0,0.0,3.0,0,0.0,1,2.0,0.0,0.0,11.0,0.0,0.0,1.0,0.0,0.0,0.0,11.0,11.0,26.376848000782076,0,0,0,0.0,0.0
42,karate(2ca51aca126d691d87c09f3b476cbbaef58881ca),com.intuit.karate.mock.HeadersRunner.beforeClass,6.0,2.0,0.0,0.0,3.0,0,0.0,1,2.0,0.0,0.0,13.0,0.0,0.0,2.0,0.0,0.0,0.0,12.0,12.0,29.818879797456006,0,0,0,0.0,0.0
42,karate(2ca51aca126d691d87c09f3b476cbbaef58881ca),com.intuit.karate.mock.HelloWorldRunner.beforeClass,6.0,2.0,0.0,0.0,3.0,0,0.0,1,2.0,0.0,0.0,29.0,0.0,0.0,7.0,2.0,5.0,4.0,44.0,28.0,105.95730974971131,0,0,1,0.0,0.0
42,karate(2ca51aca126d691d87c09f3b476cbbaef58881ca),com.intuit.karate.mock.NoHeadersRunner.beforeClass,6.0,2.0,0.0,0.0,3.0,0,0.0,1,2.0,0.0,0.0,29.0,0.0,0.0,7.0,2.0,5.0,4.0,44.0,28.0,105.95730974971131,0,0,1,0.0,0.0
42,karate(2ca51aca126d691d87c09f3b476cbbaef58881ca),mock.jersey.HelloHttpRunner.beforeClass,7.0,3.0,0.0,0.0,0.0,0,0.0,0,2.0,0.0,0.0,63.0,0.0,0.0,10.0,4.0,8.0,6.0,74.0,40.0,172.1626037281668,0,0,2,0.0,0.0
42,karate(2ca51aca126d691d87c09f3b476cbbaef58881ca),mock.jersey.HelloHttpRunner.afterClass,4.0,1.0,0.0,0.0,0.0,0,0.0,0,0.0,0.0,0.0,63.0,0.0,0.0,10.0,4.0,8.0,6.0,74.0,40.0,172.1626037281668,0,0,2,0.0,0.0
42,karate(2ca51aca126d691d87c09f3b476cbbaef58881ca),mock.jersey.MockJerseyServletFactoryTest.beforeClass,3.0,2.0,0.0,0.0,0.0,0,0.0,0,2.0,0.0,0.0,64.0,1.0,0.0,7.0,4.0,4.0,2.0,134.0,83.0,406.52070339592564,0,0,2,0.0,0.0
42,karate(2ca51aca126d691d87c09f3b476cbbaef58881ca),mock.jersey.MockJerseyServletTest.beforeClass,3.0,2.0,0.0,0.0,0.0,0,0.0,0,2.0,0.0,0.0,81.0,0.0,1.0,11.0,9.0,6.0,2.0,161.0,90.0,457.3263928486017,0,0,0,0.0,0.0
42,karate(2ca51aca126d691d87c09f3b476cbbaef58881ca),com.intuit.karate.ui.AppSessionRunner.testRunning,5.0,1.0,0.0,0.0,5.0,0,0.0,1,0.0,0.0,0.0,49.0,0.0,0.0,6.0,1.0,1.0,0.0,42.0,31.0,115.86775816678443,0,0,1,0.0,0.0
42,karate(2ca51aca126d691d87c09f3b476cbbaef58881ca),com.intuit.karate.ui.UiRunner.testDevUi,3.0,1.0,0.0,0.0,0.0,0,0.0,0,0.0,0.0,0.0,17.0,0.0,0.0,2.0,1.0,2.0,1.0,20.0,16.0,47.931716376863854,0,0,1,0.0,0.0
