idProject,nameProject,testCase,tloc,tmcCabe,assertionDensity,assertionRoulette,mysteryGuest,eagerTest,sensitiveEquality,resourceOptimism,conditionalTestLogic,fireAndForget,testRunWar,loc,lcom2,lcom5,cbo,wmc,rfc,mpc,halsteadVocabulary,halsteadLength,halsteadVolume,classDataShouldBePrivate,complexClass,functionalDecomposition,godClass,spaghettiCode
32,otto,com.squareup.otto.BusTest.setUp,3.0,3.0,0.0,0.0,0.0,0,0.0,0,2.0,0.0,0.0,479.0,140.0,2.0,11.0,69.0,81.0,61.0,2905.0,677.0,5398.52572910663,0,0,0,0.0,0.0
32,otto,com.squareup.otto.BusTest.registeringSameObjectTwiceFails,11.0,2.0,0.0,1.0,0.0,1,0.0,0,0.0,0.0,0.0,479.0,140.0,2.0,11.0,69.0,81.0,61.0,2905.0,677.0,5398.52572910663,0,0,0,0.0,0.0
32,otto,com.squareup.otto.BusTest.basicCatcherDistribution,11.0,2.0,0.2727272727272727,0.0,0.0,3,0.0,0,0.0,0.0,0.0,479.0,140.0,2.0,11.0,69.0,81.0,61.0,2905.0,677.0,5398.52572910663,0,0,0,0.0,0.0
32,otto,com.squareup.otto.BusTest.polymorphicDistribution,29.0,2.0,0.1724137931034483,0.0,0.0,2,0.0,0,0.0,0.0,0.0,479.0,140.0,2.0,11.0,69.0,81.0,61.0,2905.0,677.0,5398.52572910663,0,0,0,0.0,0.0
32,otto,com.squareup.otto.BusTest.eat,3.0,1.0,0.0,0.0,0.0,0,0.0,0,0.0,0.0,0.0,479.0,140.0,2.0,11.0,69.0,81.0,61.0,2905.0,677.0,5398.52572910663,0,0,0,0.0,0.0
32,otto,com.squareup.otto.BusTest.deadEventForwarding,8.0,2.0,0.125,0.0,0.0,2,0.0,0,0.0,0.0,0.0,479.0,140.0,2.0,11.0,69.0,81.0,61.0,2905.0,677.0,5398.52572910663,0,0,0,0.0,0.0
32,otto,com.squareup.otto.BusTest.deadEventPosting,8.0,2.0,0.125,0.0,0.0,2,0.0,0,0.0,0.0,0.0,479.0,140.0,2.0,11.0,69.0,81.0,61.0,2905.0,677.0,5398.52572910663,0,0,0,0.0,0.0
32,otto,com.squareup.otto.BusTest.testNullInteractions,20.0,3.0,0.0,0.0,0.0,3,0.0,0,0.0,0.0,0.0,479.0,140.0,2.0,11.0,69.0,81.0,61.0,2905.0,677.0,5398.52572910663,0,0,0,0.0,0.0
32,otto,com.squareup.otto.BusTest.producerCalledForExistingSubscribers,7.0,2.0,0.0,1.0,0.0,1,0.0,0,0.0,0.0,0.0,479.0,140.0,2.0,11.0,69.0,81.0,61.0,2905.0,677.0,5398.52572910663,0,0,0,0.0,0.0
32,otto,com.squareup.otto.BusTest.producingNullIsNoOp,11.0,2.0,0.09090909090909091,1.0,0.0,2,0.0,0,0.0,0.0,0.0,479.0,140.0,2.0,11.0,69.0,81.0,61.0,2905.0,677.0,5398.52572910663,0,0,0,0.0,0.0
32,otto,com.squareup.otto.BusTest.subscribingOrProducingOnlyAllowedOnPublicMethods,65.0,3.0,0.0,6.0,0.0,1,0.0,0,0.0,0.0,0.0,479.0,140.0,2.0,11.0,69.0,81.0,61.0,2905.0,677.0,5398.52572910663,0,0,0,0.0,0.0
32,otto,com.squareup.otto.BusTest.method,2.0,1.0,0.0,0.0,0.0,0,0.0,0,0.0,0.0,0.0,479.0,140.0,2.0,11.0,69.0,81.0,61.0,2905.0,677.0,5398.52572910663,0,0,0,0.0,0.0
32,otto,com.squareup.otto.BusTest.method,2.0,1.0,0.0,0.0,0.0,0,0.0,0,0.0,0.0,0.0,479.0,140.0,2.0,11.0,69.0,81.0,61.0,2905.0,677.0,5398.52572910663,0,0,0,0.0,0.0
32,otto,com.squareup.otto.BusTest.method,2.0,1.0,0.0,0.0,0.0,0,0.0,0,0.0,0.0,0.0,479.0,140.0,2.0,11.0,69.0,81.0,61.0,2905.0,677.0,5398.52572910663,0,0,0,0.0,0.0
32,otto,com.squareup.otto.BusTest.method,3.0,2.0,0.0,0.0,0.0,0,0.0,0,0.0,0.0,0.0,479.0,140.0,2.0,11.0,69.0,81.0,61.0,2905.0,677.0,5398.52572910663,0,0,0,0.0,0.0
32,otto,com.squareup.otto.BusTest.method,3.0,2.0,0.0,0.0,0.0,0,0.0,0,0.0,0.0,0.0,479.0,140.0,2.0,11.0,69.0,81.0,61.0,2905.0,677.0,5398.52572910663,0,0,0,0.0,0.0
32,otto,com.squareup.otto.BusTest.method,3.0,2.0,0.0,0.0,0.0,0,0.0,0,0.0,0.0,0.0,479.0,140.0,2.0,11.0,69.0,81.0,61.0,2905.0,677.0,5398.52572910663,0,0,0,0.0,0.0
32,otto,com.squareup.otto.BusTest.voidProducerThrowsException,7.0,2.0,0.0,0.0,0.0,0,0.0,0,0.0,0.0,0.0,479.0,140.0,2.0,11.0,69.0,81.0,61.0,2905.0,677.0,5398.52572910663,0,0,0,0.0,0.0
32,otto,com.squareup.otto.BusTest.producerUnregisterAllowsReregistering,7.0,1.0,0.0,0.0,0.0,2,0.0,0,0.0,0.0,0.0,479.0,140.0,2.0,11.0,69.0,81.0,61.0,2905.0,677.0,5398.52572910663,0,0,0,0.0,0.0
32,otto,com.squareup.otto.BusTest.flattenHierarchy,8.0,1.0,0.375,4.0,0.0,1,0.0,0,0.0,0.0,0.0,479.0,140.0,2.0,11.0,69.0,81.0,61.0,2905.0,677.0,5398.52572910663,0,0,0,0.0,0.0
32,otto,com.squareup.otto.BusTest.missingSubscribe,3.0,1.0,0.0,0.0,0.0,0,0.0,0,0.0,0.0,0.0,479.0,140.0,2.0,11.0,69.0,81.0,61.0,2905.0,677.0,5398.52572910663,0,0,0,0.0,0.0
32,otto,com.squareup.otto.BusTest.unregister,33.0,2.0,0.15151515151515152,0.0,0.0,3,0.0,0,0.0,0.0,0.0,479.0,140.0,2.0,11.0,69.0,81.0,61.0,2905.0,677.0,5398.52572910663,0,0,0,0.0,0.0
32,otto,com.squareup.otto.BusTest.producingNullIsInvalid,7.0,2.0,0.0,0.0,0.0,0,0.0,0,0.0,0.0,0.0,479.0,140.0,2.0,11.0,69.0,81.0,61.0,2905.0,677.0,5398.52572910663,0,0,0,0.0,0.0
32,otto,com.squareup.otto.BusTest.testExceptionThrowingProducer,9.0,3.0,0.0,0.0,0.0,1,0.0,0,0.0,0.0,0.0,479.0,140.0,2.0,11.0,69.0,81.0,61.0,2905.0,677.0,5398.52572910663,0,0,0,0.0,0.0
32,otto,com.squareup.otto.BusTest.testExceptionThrowingHandler,9.0,3.0,0.0,0.0,0.0,2,0.0,0,0.0,0.0,0.0,479.0,140.0,2.0,11.0,69.0,81.0,61.0,2905.0,677.0,5398.52572910663,0,0,0,0.0,0.0
32,otto,com.squareup.otto.BusTest.assertContains,3.0,1.0,0.3333333333333333,0.0,0.0,0,0.0,0,0.0,0.0,0.0,479.0,140.0,2.0,11.0,69.0,81.0,61.0,2905.0,677.0,5398.52572910663,0,0,0,0.0,0.0
32,otto,com.squareup.otto.BusTest.ignoreSyntheticBridgeMethods,5.0,2.0,0.0,0.0,0.0,2,0.0,0,0.0,0.0,0.0,479.0,140.0,2.0,11.0,69.0,81.0,61.0,2905.0,677.0,5398.52572910663,0,0,0,0.0,0.0
32,otto,com.squareup.otto.EventHandlerTest.setUp,4.0,3.0,0.0,0.0,0.0,0,0.0,0,1.0,0.0,0.0,126.0,1.0,1.0,2.0,18.0,14.0,7.0,556.0,192.0,1213.5875124961117,0,0,0,0.0,0.0
32,otto,com.squareup.otto.EventHandlerTest.basicMethodCall,11.0,4.0,0.09090909090909091,0.0,0.0,1,0.0,0,2.0,0.0,0.0,126.0,1.0,1.0,2.0,18.0,14.0,7.0,556.0,192.0,1213.5875124961117,0,0,0,0.0,0.0
32,otto,com.squareup.otto.EventHandlerTest.rejectionOfNullMethods,11.0,2.0,0.0,0.0,0.0,0,0.0,0,0.0,0.0,0.0,126.0,1.0,1.0,2.0,18.0,14.0,7.0,556.0,192.0,1213.5875124961117,0,0,0,0.0,0.0
32,otto,com.squareup.otto.EventHandlerTest.rejectionOfNullTargets,12.0,3.0,0.0,0.0,0.0,0,0.0,0,0.0,0.0,0.0,126.0,1.0,1.0,2.0,18.0,14.0,7.0,556.0,192.0,1213.5875124961117,0,0,0,0.0,0.0
32,otto,com.squareup.otto.EventHandlerTest.exceptionWrapping,11.0,3.0,0.0,0.0,0.0,1,0.0,0,0.0,0.0,0.0,126.0,1.0,1.0,2.0,18.0,14.0,7.0,556.0,192.0,1213.5875124961117,0,0,0,0.0,0.0
32,otto,com.squareup.otto.EventHandlerTest.errorPassthrough,10.0,3.0,0.0,0.0,0.0,1,0.0,0,0.0,0.0,0.0,126.0,1.0,1.0,2.0,18.0,14.0,7.0,556.0,192.0,1213.5875124961117,0,0,0,0.0,0.0
32,otto,com.squareup.otto.EventHandlerTest.getRecordingMethod,3.0,3.0,0.0,0.0,0.0,0,0.0,0,0.0,0.0,0.0,126.0,1.0,1.0,2.0,18.0,14.0,7.0,556.0,192.0,1213.5875124961117,0,0,0,0.0,0.0
32,otto,com.squareup.otto.EventHandlerTest.getExceptionThrowingMethod,3.0,3.0,0.0,0.0,0.0,0,0.0,0,0.0,0.0,0.0,126.0,1.0,1.0,2.0,18.0,14.0,7.0,556.0,192.0,1213.5875124961117,0,0,0,0.0,0.0
32,otto,com.squareup.otto.EventHandlerTest.getErrorThrowingMethod,3.0,3.0,0.0,0.0,0.0,0,0.0,0,0.0,0.0,0.0,126.0,1.0,1.0,2.0,18.0,14.0,7.0,556.0,192.0,1213.5875124961117,0,0,0,0.0,0.0
32,otto,com.squareup.otto.EventHandlerTest.recordingMethod,11.0,3.0,0.0,0.0,0.0,0,0.0,0,1.0,0.0,0.0,126.0,1.0,1.0,2.0,18.0,14.0,7.0,556.0,192.0,1213.5875124961117,0,0,0,0.0,0.0
32,otto,com.squareup.otto.EventHandlerTest.exceptionThrowingMethod,3.0,2.0,0.0,0.0,0.0,0,0.0,0,0.0,0.0,0.0,126.0,1.0,1.0,2.0,18.0,14.0,7.0,556.0,192.0,1213.5875124961117,0,0,0,0.0,0.0
32,otto,com.squareup.otto.EventHandlerTest.errorThrowingMethod,3.0,2.0,0.0,0.0,0.0,0,0.0,0,0.0,0.0,0.0,126.0,1.0,1.0,2.0,18.0,14.0,7.0,556.0,192.0,1213.5875124961117,0,0,0,0.0,0.0
32,otto,com.squareup.otto.EventProducerTest.setUp,4.0,3.0,0.0,0.0,0.0,0,0.0,0,1.0,0.0,0.0,120.0,1.0,1.0,2.0,19.0,14.0,7.0,506.0,170.0,1058.5112337788692,0,0,0,0.0,0.0
32,otto,com.squareup.otto.EventProducerTest.basicMethodCall,11.0,5.0,0.09090909090909091,0.0,0.0,1,0.0,0,3.0,0.0,0.0,120.0,1.0,1.0,2.0,19.0,14.0,7.0,506.0,170.0,1058.5112337788692,0,0,0,0.0,0.0
32,otto,com.squareup.otto.EventProducerTest.rejectionOfNullMethods,11.0,2.0,0.0,0.0,0.0,0,0.0,0,0.0,0.0,0.0,120.0,1.0,1.0,2.0,19.0,14.0,7.0,506.0,170.0,1058.5112337788692,0,0,0,0.0,0.0
32,otto,com.squareup.otto.EventProducerTest.rejectionOfNullTargets,12.0,3.0,0.0,0.0,0.0,0,0.0,0,0.0,0.0,0.0,120.0,1.0,1.0,2.0,19.0,14.0,7.0,506.0,170.0,1058.5112337788692,0,0,0,0.0,0.0
32,otto,com.squareup.otto.EventProducerTest.testExceptionWrapping,11.0,3.0,0.0,0.0,0.0,1,0.0,0,0.0,0.0,0.0,120.0,1.0,1.0,2.0,19.0,14.0,7.0,506.0,170.0,1058.5112337788692,0,0,0,0.0,0.0
32,otto,com.squareup.otto.EventProducerTest.errorPassthrough,10.0,3.0,0.0,0.0,0.0,1,0.0,0,0.0,0.0,0.0,120.0,1.0,1.0,2.0,19.0,14.0,7.0,506.0,170.0,1058.5112337788692,0,0,0,0.0,0.0
32,otto,com.squareup.otto.EventProducerTest.returnValueNotCached,10.0,4.0,0.1,0.0,0.0,1,0.0,0,1.0,0.0,0.0,120.0,1.0,1.0,2.0,19.0,14.0,7.0,506.0,170.0,1058.5112337788692,0,0,0,0.0,0.0
32,otto,com.squareup.otto.EventProducerTest.getRecordingMethod,3.0,3.0,0.0,0.0,0.0,0,0.0,0,0.0,0.0,0.0,120.0,1.0,1.0,2.0,19.0,14.0,7.0,506.0,170.0,1058.5112337788692,0,0,0,0.0,0.0
32,otto,com.squareup.otto.EventProducerTest.getExceptionThrowingMethod,3.0,3.0,0.0,0.0,0.0,0,0.0,0,0.0,0.0,0.0,120.0,1.0,1.0,2.0,19.0,14.0,7.0,506.0,170.0,1058.5112337788692,0,0,0,0.0,0.0
32,otto,com.squareup.otto.EventProducerTest.getErrorThrowingMethod,3.0,3.0,0.0,0.0,0.0,0,0.0,0,0.0,0.0,0.0,120.0,1.0,1.0,2.0,19.0,14.0,7.0,506.0,170.0,1058.5112337788692,0,0,0,0.0,0.0
32,otto,com.squareup.otto.EventProducerTest.recordingMethod,10.0,4.0,0.0,0.0,0.0,0,0.0,0,1.0,0.0,0.0,120.0,1.0,1.0,2.0,19.0,14.0,7.0,506.0,170.0,1058.5112337788692,0,0,0,0.0,0.0
32,otto,com.squareup.otto.EventProducerTest.exceptionThrowingMethod,3.0,2.0,0.0,0.0,0.0,0,0.0,0,0.0,0.0,0.0,120.0,1.0,1.0,2.0,19.0,14.0,7.0,506.0,170.0,1058.5112337788692,0,0,0,0.0,0.0
32,otto,com.squareup.otto.EventProducerTest.errorThrowingMethod,3.0,2.0,0.0,0.0,0.0,0,0.0,0,0.0,0.0,0.0,120.0,1.0,1.0,2.0,19.0,14.0,7.0,506.0,170.0,1058.5112337788692,0,0,0,0.0,0.0
32,otto,com.squareup.otto.ThreadEnforcerTest.enforerCalledForRegister,7.0,2.0,0.14285714285714285,2.0,0.0,0,0.0,0,7.0,0.0,0.0,52.0,3.0,3.0,1.0,9.0,5.0,2.0,175.0,83.0,428.6772358356517,0,0,0,0.0,0.0
32,otto,com.squareup.otto.ThreadEnforcerTest.enforcerCalledForPost,7.0,2.0,0.14285714285714285,2.0,0.0,0,0.0,0,7.0,0.0,0.0,52.0,3.0,3.0,1.0,9.0,5.0,2.0,175.0,83.0,428.6772358356517,0,0,0,0.0,0.0
32,otto,com.squareup.otto.ThreadEnforcerTest.enforcerCalledForUnregister,7.0,2.0,0.14285714285714285,2.0,0.0,0,0.0,0,7.0,0.0,0.0,52.0,3.0,3.0,1.0,9.0,5.0,2.0,175.0,83.0,428.6772358356517,0,0,0,0.0,0.0
