idProject,nameProject,testCase,tloc,tmcCabe,assertionDensity,assertionRoulette,mysteryGuest,eagerTest,sensitiveEquality,resourceOptimism,conditionalTestLogic,fireAndForget,testRunWar,loc,lcom2,lcom5,cbo,wmc,rfc,mpc,halsteadVocabulary,halsteadLength,halsteadVolume,classDataShouldBePrivate,complexClass,functionalDecomposition,godClass,spaghettiCode
73,starts,edu.illinois.starts.helpers.WriterTest.writeToGraph,9.0,2.0,0.0,0.0,0.0,1,0.0,0,1.0,0.0,0.0,286.0,153.0,17.0,27.0,69.0,111.0,93.0,1788.0,318.0,2381.45523992324,0,0,0,0.0,0.0
73,starts,edu.illinois.starts.helpers.WriterTest.setupOnce,9.0,3.0,0.0,0.0,3.0,0,0.0,0,2.0,0.0,0.0,286.0,153.0,17.0,27.0,69.0,111.0,93.0,1788.0,318.0,2381.45523992324,0,0,0,0.0,0.0
73,starts,edu.illinois.starts.helpers.WriterTest.testWriteToFile,8.0,2.0,0.125,1.0,3.0,4,0.0,0,0.0,0.0,0.0,286.0,153.0,17.0,27.0,69.0,111.0,93.0,1788.0,318.0,2381.45523992324,0,0,0,0.0,0.0
73,starts,edu.illinois.starts.helpers.WriterTest.testWriteTCSimple,13.0,3.0,0.07692307692307693,0.0,1.0,1,0.0,0,0.0,0.0,0.0,286.0,153.0,17.0,27.0,69.0,111.0,93.0,1788.0,318.0,2381.45523992324,0,0,0,0.0,0.0
73,starts,edu.illinois.starts.helpers.WriterTest.testWriteGraph,7.0,2.0,0.14285714285714285,1.0,1.0,0,0.0,0,0.0,0.0,0.0,286.0,153.0,17.0,27.0,69.0,111.0,93.0,1788.0,318.0,2381.45523992324,0,0,0,0.0,0.0
73,starts,edu.illinois.starts.helpers.WriterTest.testWriteGrpahWithMultipleEdges,10.0,2.0,0.2,1.0,1.0,0,0.0,0,0.0,0.0,0.0,286.0,153.0,17.0,27.0,69.0,111.0,93.0,1788.0,318.0,2381.45523992324,0,0,0,0.0,0.0
73,starts,edu.illinois.starts.helpers.WriterTest.testWriteGraphWithRepeatedEdges,7.0,2.0,0.14285714285714285,1.0,1.0,0,0.0,0,0.0,0.0,0.0,286.0,153.0,17.0,27.0,69.0,111.0,93.0,1788.0,318.0,2381.45523992324,0,0,0,0.0,0.0
73,starts,edu.illinois.starts.helpers.WriterTest.testWriteClassPath,7.0,2.0,0.14285714285714285,1.0,1.0,1,0.0,0,0.0,0.0,0.0,286.0,153.0,17.0,27.0,69.0,111.0,93.0,1788.0,318.0,2381.45523992324,0,0,0,0.0,0.0
73,starts,edu.illinois.starts.helpers.WriterTest.testMultipleClassPath,7.0,2.0,0.14285714285714285,2.0,2.0,1,0.0,0,0.0,0.0,0.0,286.0,153.0,17.0,27.0,69.0,111.0,93.0,1788.0,318.0,2381.45523992324,0,0,0,0.0,0.0
73,starts,edu.illinois.starts.helpers.WriterTest.testPathToString,7.0,1.0,0.0,1.0,1.0,1,1.0,0,0.0,0.0,0.0,286.0,153.0,17.0,27.0,69.0,111.0,93.0,1788.0,318.0,2381.45523992324,0,0,0,0.0,0.0
73,starts,edu.illinois.starts.helpers.WriterTest.testEmptyPathToString,5.0,1.0,0.0,0.0,0.0,1,1.0,0,0.0,0.0,0.0,286.0,153.0,17.0,27.0,69.0,111.0,93.0,1788.0,318.0,2381.45523992324,0,0,0,0.0,0.0
73,starts,edu.illinois.starts.helpers.WriterTest.testSinglePathToString,5.0,1.0,0.0,0.0,0.0,1,1.0,0,0.0,0.0,0.0,286.0,153.0,17.0,27.0,69.0,111.0,93.0,1788.0,318.0,2381.45523992324,0,0,0,0.0,0.0
73,starts,edu.illinois.starts.helpers.WriterTest.cleanUp,11.0,3.0,0.0,0.0,1.0,0,0.0,0,2.0,0.0,0.0,286.0,153.0,17.0,27.0,69.0,111.0,93.0,1788.0,318.0,2381.45523992324,0,0,0,0.0,0.0
73,starts,edu.illinois.starts.helpers.YasglHelperTest.addEdgeToGraph,7.0,4.0,0.0,0.0,0.0,1,0.0,0,1.0,0.0,0.0,109.0,28.0,0.0,15.0,22.0,28.0,20.0,497.0,122.0,757.4479831837888,0,0,0,0.0,0.0
73,starts,edu.illinois.starts.helpers.YasglHelperTest.addEdgesToBuilder,7.0,2.0,0.0,0.0,1.0,1,0.0,0,0.0,0.0,0.0,109.0,28.0,0.0,15.0,22.0,28.0,20.0,497.0,122.0,757.4479831837888,0,0,0,0.0,0.0
73,starts,edu.illinois.starts.helpers.YasglHelperTest.setUp,8.0,3.0,0.0,0.0,4.0,0,0.0,0,1.0,0.0,0.0,109.0,28.0,0.0,15.0,22.0,28.0,20.0,497.0,122.0,757.4479831837888,0,0,0,0.0,0.0
73,starts,edu.illinois.starts.helpers.YasglHelperTest.cleanUp,8.0,2.0,0.0,0.0,0.0,0,0.0,0,2.0,0.0,0.0,109.0,28.0,0.0,15.0,22.0,28.0,20.0,497.0,122.0,757.4479831837888,0,0,0,0.0,0.0
73,starts,edu.illinois.starts.helpers.YasglHelperTest.addEdgeToGraphTest,6.0,2.0,0.0,1.0,0.0,1,0.0,0,0.0,0.0,0.0,109.0,28.0,0.0,15.0,22.0,28.0,20.0,497.0,122.0,757.4479831837888,0,0,0,0.0,0.0
73,starts,edu.illinois.starts.helpers.YasglHelperTest.addMultipleEdgesToGraph,8.0,2.0,0.125,2.0,0.0,1,0.0,0,0.0,0.0,0.0,109.0,28.0,0.0,15.0,22.0,28.0,20.0,497.0,122.0,757.4479831837888,0,0,0,0.0,0.0
73,starts,edu.illinois.starts.helpers.YasglHelperTest.addEmptyEdgeTest,3.0,2.0,0.0,0.0,0.0,0,0.0,0,0.0,0.0,0.0,109.0,28.0,0.0,15.0,22.0,28.0,20.0,497.0,122.0,757.4479831837888,0,0,0,0.0,0.0
73,starts,edu.illinois.starts.helpers.YasglHelperTest.addEdgesToBuilderTest,7.0,1.0,0.0,1.0,0.0,1,0.0,0,0.0,0.0,0.0,109.0,28.0,0.0,15.0,22.0,28.0,20.0,497.0,122.0,757.4479831837888,0,0,0,0.0,0.0
73,starts,edu.illinois.starts.helpers.YasglHelperTest.addMultipleEdgesToBuilder,10.0,1.0,0.1,2.0,0.0,1,0.0,0,0.0,0.0,0.0,109.0,28.0,0.0,15.0,22.0,28.0,20.0,497.0,122.0,757.4479831837888,0,0,0,0.0,0.0
73,starts,edu.illinois.starts.helpers.YasglHelperTest.addEmpytEdgeToBuilderTest,6.0,2.0,0.0,1.0,0.0,1,0.0,0,2.0,0.0,0.0,109.0,28.0,0.0,15.0,22.0,28.0,20.0,497.0,122.0,757.4479831837888,0,0,0,0.0,0.0
73,starts,edu.illinois.starts.helpers.YasglHelperTest.addEdgeToBuilderTestNoFile,6.0,2.0,0.0,1.0,2.0,1,0.0,0,2.0,0.0,0.0,109.0,28.0,0.0,15.0,22.0,28.0,20.0,497.0,122.0,757.4479831837888,0,0,0,0.0,0.0
73,starts,base.SimpleTest.test,12.0,2.0,0.0,0.0,0.0,2,0.0,0,1.0,0.0,0.0,22.0,0.0,0.0,2.0,4.0,4.0,1.0,46.0,22.0,84.23011072276009,0,0,0,0.0,0.0
73,starts,base.SimpleTest.test,3.0,3.0,0.0,0.0,0.0,0,0.0,0,1.0,0.0,0.0,22.0,0.0,0.0,2.0,4.0,4.0,1.0,46.0,22.0,84.23011072276009,0,0,0,0.0,0.0
73,starts,base.BaseTest.test,12.0,2.0,0.0,0.0,0.0,2,0.0,0,1.0,0.0,0.0,25.0,0.0,0.0,2.0,4.0,4.0,1.0,46.0,22.0,84.23011072276009,0,0,0,0.0,0.0
73,starts,base.ChildTest.test,12.0,2.0,0.0,0.0,0.0,1,0.0,0,1.0,0.0,0.0,15.0,0.0,0.0,1.0,2.0,1.0,0.0,18.0,13.0,37.57483285265014,0,0,1,0.0,0.0
73,starts,base.SiblingTest.test,12.0,2.0,0.0,0.0,0.0,0,0.0,0,1.0,0.0,0.0,9.0,0.0,0.0,0.0,0.0,0.0,0.0,6.0,6.0,10.75055681536833,0,0,0,0.0,0.0
73,starts,first.FirstTest.test,12.0,2.0,0.0,0.0,0.0,2,0.0,0,1.0,0.0,0.0,22.0,0.0,0.0,2.0,4.0,4.0,1.0,46.0,22.0,84.23011072276009,0,0,0,0.0,0.0
73,starts,inter.ChildTest.test,4.0,1.0,0.25,0.0,0.0,0,2.0,0,0.0,0.0,0.0,15.0,0.0,0.0,1.0,2.0,1.0,0.0,18.0,13.0,37.57483285265014,0,0,1,0.0,0.0
73,starts,inter.GrandChildTest.test,4.0,1.0,0.25,0.0,0.0,1,2.0,0,0.0,0.0,0.0,15.0,0.0,0.0,2.0,2.0,2.0,1.0,19.0,14.0,41.22214570833016,0,0,1,0.0,0.0
73,starts,inter.SiblingTest.test,3.0,1.0,0.0,0.0,0.0,0,1.0,0,0.0,0.0,0.0,9.0,0.0,0.0,0.0,0.0,0.0,0.0,6.0,6.0,10.75055681536833,0,0,0,0.0,0.0
73,starts,inter.BaseTest.test,12.0,2.0,0.0,0.0,0.0,2,0.0,0,1.0,0.0,0.0,25.0,0.0,0.0,2.0,4.0,4.0,1.0,46.0,22.0,84.23011072276009,0,0,0,0.0,0.0
73,starts,inter.ChildTest.test,12.0,2.0,0.0,0.0,0.0,1,0.0,0,1.0,0.0,0.0,15.0,0.0,0.0,1.0,2.0,1.0,0.0,18.0,13.0,37.57483285265014,0,0,1,0.0,0.0
73,starts,inter.GrandChildTest.test,12.0,2.0,0.0,0.0,0.0,0,0.0,0,1.0,0.0,0.0,15.0,0.0,0.0,2.0,2.0,2.0,1.0,19.0,14.0,41.22214570833016,0,0,1,0.0,0.0
73,starts,inter.SiblingTest.test,12.0,2.0,0.0,0.0,0.0,0,0.0,0,1.0,0.0,0.0,9.0,0.0,0.0,0.0,0.0,0.0,0.0,6.0,6.0,10.75055681536833,0,0,0,0.0,0.0
73,starts,inter.BaseTest.test,12.0,2.0,0.0,0.0,0.0,2,0.0,0,1.0,0.0,0.0,25.0,0.0,0.0,2.0,4.0,4.0,1.0,46.0,22.0,84.23011072276009,0,0,0,0.0,0.0
73,starts,inter.ChildTest.test,12.0,2.0,0.0,0.0,0.0,1,0.0,0,1.0,0.0,0.0,15.0,0.0,0.0,1.0,2.0,1.0,0.0,18.0,13.0,37.57483285265014,0,0,1,0.0,0.0
73,starts,inter.GrandChildTest.test,12.0,2.0,0.0,0.0,0.0,0,0.0,0,1.0,0.0,0.0,15.0,0.0,0.0,2.0,2.0,2.0,1.0,19.0,14.0,41.22214570833016,0,0,1,0.0,0.0
73,starts,inter.SiblingTest.test,12.0,2.0,0.0,0.0,0.0,0,0.0,0,1.0,0.0,0.0,9.0,0.0,0.0,0.0,0.0,0.0,0.0,6.0,6.0,10.75055681536833,0,0,0,0.0,0.0
73,starts,inter.BaseTest.test,12.0,2.0,0.0,0.0,0.0,2,0.0,0,1.0,0.0,0.0,25.0,0.0,0.0,2.0,4.0,4.0,1.0,46.0,22.0,84.23011072276009,0,0,0,0.0,0.0
73,starts,inter.ChildTest.test,12.0,2.0,0.0,0.0,0.0,1,0.0,0,1.0,0.0,0.0,15.0,0.0,0.0,1.0,2.0,1.0,0.0,18.0,13.0,37.57483285265014,0,0,1,0.0,0.0
73,starts,inter.GrandChildTest.test,12.0,2.0,0.0,0.0,0.0,0,0.0,0,1.0,0.0,0.0,15.0,0.0,0.0,2.0,2.0,2.0,1.0,19.0,14.0,41.22214570833016,0,0,1,0.0,0.0
73,starts,inter.SiblingTest.test,12.0,2.0,0.0,0.0,0.0,0,0.0,0,1.0,0.0,0.0,9.0,0.0,0.0,0.0,0.0,0.0,0.0,6.0,6.0,10.75055681536833,0,0,0,0.0,0.0
73,starts,inter.BaseTest.test,12.0,2.0,0.0,0.0,0.0,2,0.0,0,1.0,0.0,0.0,25.0,0.0,0.0,2.0,4.0,4.0,1.0,46.0,22.0,84.23011072276009,0,0,0,0.0,0.0
73,starts,inter.ChildTest.test,12.0,2.0,0.0,0.0,0.0,1,0.0,0,1.0,0.0,0.0,15.0,0.0,0.0,1.0,2.0,1.0,0.0,18.0,13.0,37.57483285265014,0,0,1,0.0,0.0
73,starts,inter.GrandChildTest.test,12.0,2.0,0.0,0.0,0.0,0,0.0,0,1.0,0.0,0.0,15.0,0.0,0.0,2.0,2.0,2.0,1.0,19.0,14.0,41.22214570833016,0,0,1,0.0,0.0
73,starts,inter.SiblingTest.test,12.0,2.0,0.0,0.0,0.0,0,0.0,0,1.0,0.0,0.0,9.0,0.0,0.0,0.0,0.0,0.0,0.0,6.0,6.0,10.75055681536833,0,0,0,0.0,0.0
73,starts,transitive.BaseTest.test,12.0,2.0,0.0,0.0,0.0,2,0.0,0,1.0,0.0,0.0,25.0,0.0,0.0,2.0,4.0,4.0,1.0,46.0,22.0,84.23011072276009,0,0,0,0.0,0.0
73,starts,transitive.ChildTest.test,12.0,2.0,0.0,0.0,0.0,1,0.0,0,1.0,0.0,0.0,15.0,0.0,0.0,1.0,2.0,1.0,0.0,18.0,13.0,37.57483285265014,0,0,1,0.0,0.0
73,starts,transitive.GrandChildTest.test,12.0,2.0,0.0,0.0,0.0,0,0.0,0,1.0,0.0,0.0,15.0,0.0,0.0,2.0,2.0,2.0,1.0,19.0,14.0,41.22214570833016,0,0,1,0.0,0.0
73,starts,transitive.SiblingTest.test,12.0,2.0,0.0,0.0,0.0,0,0.0,0,1.0,0.0,0.0,9.0,0.0,0.0,0.0,0.0,0.0,0.0,6.0,6.0,10.75055681536833,0,0,0,0.0,0.0
